28-08-2024;17:14:35;25.3;92;337;635;0.4;0;0;180;8;1;
05-09-2024;23:14:34;25.2;92.0;263;261;0.0;0;0;859;14;0;
05-09-2024;23:14:35;26.0;92.0;262;264;0.0;0;0;859;14;0;
05-09-2024;23:14:36;26.8;92.0;261;262;0.0;0;0;859;14;0;
05-09-2024;23:14:37;27.0;92.0;263;264;0.0;0;0;859;14;0;
05-09-2024;23:14:39;26.8;92.0;263;265;0.0;0;0;859;14;0;
05-09-2024;23:14:40;27.1;92.0;264;263;0.0;0;0;859;14;0;
05-09-2024;23:14:42;27.0;92.0;263;264;0.0;0;0;859;14;0;
05-09-2024;23:14:43;26.7;92.0;263;263;0.0;0;0;859;14;0;
05-09-2024;23:14:44;26.3;92.0;262;262;0.0;0;0;859;14;0;
05-09-2024;23:14:45;25.3;92.0;265;265;0.0;0;0;859;14;0;
05-09-2024;23:14:46;25.1;92.0;264;262;0.0;0;0;859;14;0;
05-09-2024;23:14:48;26.5;92.0;263;262;0.0;0;0;859;14;0;
05-09-2024;23:14:50;25.5;92.0;263;264;0.0;0;0;859;14;0;
05-09-2024;23:14:51;24.9;92.0;263;263;0.0;0;0;859;14;0;
05-09-2024;23:14:52;25.2;92.0;264;265;0.0;0;0;859;14;0;
05-09-2024;23:14:53;26.5;92.0;265;262;0.0;0;0;2908;65;0;
05-09-2024;23:14:54;26.9;92.0;264;264;0.0;0;0;2898;65;0;
05-09-2024;23:14:55;26.2;92.0;263;263;0.0;0;0;2877;64;0;
05-09-2024;23:14:57;25.0;92.0;263;262;0.0;0;0;2742;65;0;
05-09-2024;23:14:58;24.9;92.0;264;263;0.0;0;0;2834;65;0;
05-09-2024;23:14:59;25.9;92.0;263;262;0.0;0;0;2909;65;0;
05-09-2024;23:15:00;27.2;92.0;262;264;0.0;0;0;2905;65;0;
05-09-2024;23:15:01;26.4;92.0;263;261;0.0;0;0;2893;65;0;
05-09-2024;23:15:02;25.0;92.0;265;264;0.0;1;0;2759;64;0;
05-09-2024;23:15:03;25.3;92.0;264;263;0.0;1;0;2800;65;0;
05-09-2024;23:15:05;26.7;92.0;264;264;0.0;1;0;2902;65;0;
05-09-2024;23:15:06;27.1;92.0;263;262;0.0;1;0;2894;65;0;
05-09-2024;23:15:07;26.5;92.0;265;264;0.0;1;0;2798;65;0;
05-09-2024;23:15:08;25.5;92.0;263;262;0.0;1;0;2742;65;0;
05-09-2024;23:15:09;25.5;92.0;265;264;0.0;1;0;2733;65;0;
05-09-2024;23:15:10;26.5;92.0;263;261;0.0;1;0;2898;65;0;
05-09-2024;23:15:12;27.1;92.0;264;264;0.0;1;0;2895;65;0;
05-09-2024;23:15:13;26.9;92.0;263;262;0.0;1;0;2880;65;0;
05-09-2024;23:15:14;25.5;92.0;263;264;0.0;1;0;2695;65;0;
05-09-2024;23:15:15;25.0;92.0;263;262;0.0;1;0;2744;65;0;
05-09-2024;23:15:16;25.1;92.0;264;264;0.0;1;0;2896;65;0;
05-09-2024;23:15:17;26.0;92.0;264;262;0.0;1;0;2909;65;0;
05-09-2024;23:15:18;26.9;92.0;264;264;0.0;1;0;2901;65;0;
05-09-2024;23:15:20;26.7;92.0;263;261;0.0;1;0;2889;65;0;
05-09-2024;23:15:21;25.5;92.0;264;264;0.0;1;0;2765;65;0;
05-09-2024;23:15:22;25.4;92.0;264;262;0.0;1;0;2784;65;0;
05-09-2024;23:15:23;25.7;92.0;263;265;0.0;1;0;2888;65;0;
05-09-2024;23:15:24;26.8;92.0;265;261;0.0;1;0;2899;65;0;
05-09-2024;23:15:25;27.0;92.0;263;265;0.0;1;0;2890;65;0;
05-09-2024;23:15:27;26.5;92.0;263;263;0.0;1;0;2817;64;0;
05-09-2024;23:15:28;25.5;92.0;264;264;0.0;1;0;2703;65;0;
05-09-2024;23:15:29;25.2;92.0;262;263;0.0;1;0;2800;65;0;
05-09-2024;23:15:30;25.4;92.0;264;264;0.0;0;0;2899;65;0;
05-09-2024;23:15:31;26.5;92.0;263;262;0.0;0;0;2903;65;0;
05-09-2024;23:15:32;27.0;92.0;264;264;0.0;0;0;2901;65;1;
05-09-2024;23:15:33;26.4;92.0;440;1173;0.9;0;0;2881;65;1;
05-09-2024;23:15:35;27.8;92.0;442;1177;0.9;0;0;2719;65;1;
05-09-2024;23:15:36;26.9;92.0;441;1176;0.9;0;0;459;19;1;
05-09-2024;23:15:37;27.1;92.0;440;1173;0.9;0;0;1296;48;1;
05-09-2024;23:15:38;27.6;92.0;440;1175;0.9;0;0;1373;48;1;
05-09-2024;23:15:39;26.4;92.0;440;1173;0.9;0;0;1407;48;1;
05-09-2024;23:15:40;26.5;92.0;264;264;0.0;0;0;1310;48;0;
05-09-2024;23:15:42;27.0;92.0;263;263;0.0;0;0;1447;48;0;
05-09-2024;23:15:43;25.8;92.0;264;265;0.0;0;0;1093;18;0;
05-09-2024;23:15:44;25.0;92.0;264;261;0.0;0;0;2737;65;0;
05-09-2024;23:15:45;25.5;92.0;263;264;0.0;0;0;2835;65;0;
05-09-2024;23:15:46;26.7;92.0;264;262;0.0;0;0;2906;65;0;
05-09-2024;23:15:47;26.7;92.0;265;265;0.0;0;0;2894;65;0;
05-09-2024;23:15:48;25.3;92.0;263;261;0.0;0;0;2841;64;0;
05-09-2024;23:15:50;25.6;92.0;263;264;0.0;0;0;2726;65;0;
05-09-2024;23:15:51;26.4;92.0;263;261;0.0;0;0;2903;65;0;
05-09-2024;23:15:53;26.4;92.0;262;261;0.0;0;0;2888;65;0;
05-09-2024;23:15:54;27.2;92.0;264;265;0.0;0;0;2888;65;0;
05-09-2024;23:15:55;26.0;92.0;263;262;0.0;0;0;2845;65;0;
05-09-2024;23:15:56;25.2;92.0;263;264;0.0;0;0;2682;65;0;
05-09-2024;23:15:58;25.0;92.0;262;262;0.0;0;0;2853;65;0;
05-09-2024;23:15:59;25.8;92.0;264;264;0.0;0;0;2903;65;0;
05-09-2024;23:16:01;25.0;92.0;264;265;0.0;0;0;2894;65;0;
05-09-2024;23:16:02;26.0;92.0;263;262;0.0;0;0;2894;65;0;
05-09-2024;23:16:03;27.0;92.0;265;264;0.0;0;0;2898;66;0;
05-09-2024;23:16:04;26.8;92.0;263;262;0.0;0;0;2892;65;0;
05-09-2024;23:16:06;26.2;92.0;263;264;0.0;0;0;2733;65;0;
05-09-2024;23:16:07;25.0;92.0;263;263;0.0;0;0;2764;65;0;
05-09-2024;23:16:08;25.5;92.0;262;263;0.0;0;0;2836;65;0;
05-09-2024;23:16:09;26.9;92.0;263;263;0.0;0;0;2909;65;0;
05-09-2024;23:16:10;26.8;92.0;263;263;0.0;0;0;2901;65;0;
05-09-2024;23:16:11;25.4;92.0;262;264;0.0;0;0;2812;64;0;
05-09-2024;23:16:13;25.1;92.0;263;262;0.0;0;0;2748;65;0;
05-09-2024;23:16:14;25.0;92.0;265;265;0.0;0;0;2905;65;0;
05-09-2024;23:16:15;25.8;92.0;262;262;0.0;0;0;2909;65;0;
05-09-2024;23:16:17;25.0;92.0;263;264;0.0;0;0;2893;65;0;
05-09-2024;23:16:18;25.0;92.0;263;264;0.0;0;0;2893;65;0;
05-09-2024;23:16:19;26.2;92.0;263;263;0.0;0;0;2907;65;0;
05-09-2024;23:16:21;27.0;92.0;263;264;0.0;0;0;2904;65;0;
05-09-2024;23:16:22;26.3;92.0;263;263;0.0;0;0;2888;64;0;
05-09-2024;23:16:23;25.4;92.0;264;265;0.0;0;0;2734;65;0;
05-09-2024;23:16:24;25.1;92.0;264;261;0.0;0;0;2808;65;0;
05-09-2024;23:16:25;26.5;92.0;264;265;0.0;0;0;2898;65;0;
05-09-2024;23:16:26;27.0;92.0;262;263;0.0;0;0;2904;65;0;
05-09-2024;23:16:29;26.4;92.0;262;262;0.0;0;0;2775;65;0;
05-09-2024;23:16:30;26.8;92.0;262;264;0.0;0;0;2775;65;0;
05-09-2024;23:16:31;25.9;92.0;263;262;0.0;0;0;2829;65;0;
05-09-2024;23:16:33;26.9;92.0;264;263;0.0;0;0;2873;65;0;
05-09-2024;23:16:34;25.8;92.0;264;263;0.0;0;0;2873;65;0;
05-09-2024;23:16:35;24.9;92.0;263;264;0.0;0;0;2748;65;0;
05-09-2024;23:16:37;25.0;92.0;264;262;0.0;0;0;2860;65;0;
05-09-2024;23:16:38;26.5;92.0;264;265;0.0;0;0;2903;65;0;
05-09-2024;23:16:39;26.8;92.0;263;262;0.0;0;0;2904;65;0;
05-09-2024;23:16:40;25.8;92.0;263;265;0.0;0;0;2861;64;0;
05-09-2024;23:16:41;24.9;92.0;263;262;0.0;0;0;2793;65;0;
05-09-2024;23:16:42;25.3;92.0;263;265;0.0;0;0;2854;65;0;
05-09-2024;23:16:44;26.8;92.0;264;263;0.0;0;0;2911;65;0;
05-09-2024;23:16:45;26.9;92.0;263;263;0.0;0;0;2898;65;0;
05-09-2024;23:16:46;26.2;92.0;263;263;0.0;0;0;2788;65;0;
05-09-2024;23:16:47;25.0;92.0;263;263;0.0;0;0;2744;65;0;
05-09-2024;23:16:48;25.1;92.0;264;264;0.0;0;0;2820;65;0;
05-09-2024;23:16:50;24.7;92.0;262;263;0.0;0;0;2901;65;0;
05-09-2024;23:16:52;24.9;92.0;263;262;0.0;0;0;2901;65;0;
05-09-2024;23:16:53;26.1;92.0;263;265;0.0;0;0;2911;65;0;
05-09-2024;23:16:54;26.9;92.0;263;261;0.0;0;0;2910;65;0;
05-09-2024;23:16:56;26.7;92.0;264;261;0.0;0;0;2807;65;0;
05-09-2024;23:16:57;26.9;92.0;263;265;0.0;0;0;2807;65;0;
05-09-2024;23:16:58;26.4;92.0;263;261;0.0;0;0;2758;65;0;
05-09-2024;23:17:00;25.3;92.0;264;264;0.0;0;0;2720;65;0;
05-09-2024;23:17:01;25.2;92.0;263;262;0.0;0;0;2822;65;0;
05-09-2024;23:17:02;25.5;92.0;264;263;0.0;0;0;2898;65;0;
05-09-2024;23:17:03;27.0;92.0;263;262;0.0;0;0;2903;65;0;
05-09-2024;23:17:04;26.8;92.0;265;264;0.0;0;0;2898;65;0;
05-09-2024;23:17:05;25.9;92.0;263;261;0.0;0;0;2815;64;0;
05-09-2024;23:17:07;25.2;92.0;263;265;0.0;0;0;2697;65;0;
05-09-2024;23:17:08;25.1;92.0;263;261;0.0;0;0;2893;65;0;
05-09-2024;23:17:10;25.0;92.0;263;262;0.0;0;0;2909;65;0;
05-09-2024;23:17:11;25.4;92.0;264;263;0.0;0;0;2909;65;0;
05-09-2024;23:17:12;26.4;92.0;264;262;0.0;0;0;2907;65;0;
05-09-2024;23:17:13;27.0;92.0;264;264;0.0;0;0;2899;65;0;
05-09-2024;23:17:15;26.8;92.0;263;262;0.0;0;0;2880;65;0;
05-09-2024;23:17:16;25.9;92.0;263;264;0.0;0;0;2726;65;0;
05-09-2024;23:17:17;25.2;92.0;264;261;0.0;0;0;2756;65;0;
05-09-2024;23:17:18;25.1;92.0;264;264;0.0;0;0;2848;65;0;
05-09-2024;23:17:19;26.2;92.0;264;262;0.0;0;0;2907;65;0;
05-09-2024;23:17:20;26.9;92.0;264;265;0.0;0;0;2897;65;0;
05-09-2024;23:17:21;26.9;92.0;262;261;0.0;0;0;2885;65;0;
05-09-2024;23:17:24;26.7;92.0;264;261;0.0;0;0;2779;65;0;
05-09-2024;23:17:26;25.7;92.0;263;262;0.0;0;0;2758;65;0;
05-09-2024;23:17:27;26.7;92.0;265;265;0.0;0;0;2758;65;0;
05-09-2024;23:17:28;26.8;92.0;263;262;0.0;0;0;2899;65;0;
05-09-2024;23:17:29;26.0;92.0;263;265;0.0;0;0;2776;65;0;
05-09-2024;23:17:31;25.2;92.0;263;262;0.0;0;0;2784;65;0;
05-09-2024;23:17:32;25.0;92.0;264;265;0.0;0;0;2827;65;0;
05-09-2024;23:17:33;26.1;92.0;263;264;0.0;0;0;2907;65;0;
05-09-2024;23:17:34;27.0;92.0;263;263;0.0;0;0;2901;65;0;
05-09-2024;23:17:35;27.2;92.0;263;264;0.0;0;0;2886;65;0;
05-09-2024;23:17:36;26.2;92.0;263;263;0.0;0;0;2771;65;0;
05-09-2024;23:17:38;24.8;92.0;263;265;0.0;0;0;2681;65;0;
05-09-2024;23:17:39;25.0;92.0;261;263;0.0;0;0;2806;65;0;
05-09-2024;23:17:40;25.8;92.0;265;265;0.0;0;0;2906;65;0;
05-09-2024;23:17:41;26.9;92.0;264;262;0.0;0;0;2910;65;0;
05-09-2024;23:17:42;26.7;92.0;264;265;0.0;0;0;2894;65;0;
05-09-2024;23:17:43;25.4;92.0;262;262;0.0;0;0;2809;64;0;
05-09-2024;23:17:44;25.0;92.0;263;264;0.0;0;0;2725;65;0;
05-09-2024;23:17:46;25.2;92.0;263;262;0.0;0;0;2905;65;0;
05-09-2024;23:17:47;26.7;92.0;264;264;0.0;0;0;2908;65;0;
05-09-2024;23:17:48;27.0;92.0;263;264;0.0;0;0;2905;65;0;
05-09-2024;23:17:49;26.3;92.0;265;263;0.0;0;0;2827;64;0;
05-09-2024;23:17:50;25.0;92.0;265;263;0.0;0;0;2732;65;0;
05-09-2024;23:17:51;25.1;92.0;264;262;0.0;0;0;2776;65;0;
05-09-2024;23:17:52;25.9;92.0;264;264;0.0;0;0;2898;65;0;
05-09-2024;23:17:54;26.7;92.0;264;262;0.0;0;0;2898;65;0;
05-09-2024;23:17:55;27.3;92.0;264;264;0.0;0;0;2886;65;0;
05-09-2024;23:17:57;26.7;92.0;263;263;0.0;0;0;2670;65;0;
05-09-2024;23:17:58;27.1;92.0;263;264;0.0;0;0;2670;65;0;
05-09-2024;23:17:59;26.1;92.0;264;261;0.0;0;0;2755;65;0;
05-09-2024;23:18:01;24.9;92.0;264;265;0.0;0;0;2710;65;0;
05-09-2024;23:18:02;25.4;92.0;262;263;0.0;0;0;2826;65;0;
05-09-2024;23:18:03;26.9;92.0;264;264;0.0;0;0;2899;65;0;
05-09-2024;23:18:04;26.8;92.0;262;262;0.0;0;0;2900;65;0;
05-09-2024;23:18:05;25.2;92.0;264;263;0.0;0;0;2791;64;0;
05-09-2024;23:18:06;24.9;92.0;264;263;0.0;0;0;2776;65;0;
05-09-2024;23:18:07;25.9;92.0;263;261;0.0;0;0;2909;65;0;
05-09-2024;23:18:09;27.3;92.0;263;265;0.0;0;0;2902;65;0;
05-09-2024;23:18:10;26.3;92.0;263;262;0.0;0;0;2895;65;0;
05-09-2024;23:18:13;26.5;92.0;264;264;0.0;0;0;2801;65;0;
05-09-2024;23:18:14;26.9;92.0;262;262;0.0;0;0;2801;65;0;
05-09-2024;23:18:15;25.5;92.0;262;264;0.0;0;0;2789;65;0;
05-09-2024;23:18:17;24.9;92.0;264;262;0.0;0;0;2786;65;0;
05-09-2024;23:18:18;25.4;92.0;265;265;0.0;0;0;2900;65;0;
05-09-2024;23:18:19;26.9;92.0;262;261;0.0;0;0;2907;65;0;
05-09-2024;23:18:20;26.7;92.0;264;264;0.0;0;0;2890;65;0;
05-09-2024;23:18:21;25.0;92.0;264;262;0.0;0;0;2868;64;0;
05-09-2024;23:18:22;25.1;92.0;264;263;0.0;0;0;2718;65;0;
05-09-2024;23:18:23;26.4;92.0;264;263;0.0;0;0;2906;65;0;
05-09-2024;23:18:25;27.0;92.0;265;263;0.0;0;0;2899;65;0;
05-09-2024;23:18:26;25.6;92.0;262;263;0.0;0;0;2878;64;0;
05-09-2024;23:18:27;24.9;92.0;264;264;0.0;0;0;2707;65;0;
05-09-2024;23:18:28;25.7;92.0;264;263;0.0;0;0;2897;65;0;
05-09-2024;23:18:29;27.2;92.0;262;264;0.0;0;0;2908;65;0;
05-09-2024;23:18:32;26.9;92.0;263;264;0.0;0;0;2773;64;0;
05-09-2024;23:18:33;27.0;92.0;261;262;0.0;0;0;2773;64;0;
05-09-2024;23:18:34;25.4;92.0;263;263;0.0;0;0;2720;65;0;
05-09-2024;23:18:35;24.7;92.0;263;264;0.0;0;0;2760;65;0;
05-09-2024;23:18:36;25.7;92.0;261;261;0.0;0;0;2896;65;0;
05-09-2024;23:18:37;26.8;92.0;264;264;0.0;0;0;2909;65;0;
05-09-2024;23:18:38;26.4;92.0;263;262;0.0;0;0;2904;65;0;
05-09-2024;23:18:40;25.0;92.0;264;264;0.0;0;0;2770;65;0;
05-09-2024;23:18:41;24.8;92.0;263;262;0.0;0;0;2815;65;0;
05-09-2024;23:18:43;24.7;92.0;262;262;0.0;0;0;2907;65;0;
05-09-2024;23:18:44;26.0;92.0;264;264;0.0;0;0;2907;65;0;
05-09-2024;23:18:45;26.9;92.0;263;262;0.0;0;0;2907;65;0;
05-09-2024;23:18:46;26.2;92.0;264;264;0.0;0;0;2907;65;0;
05-09-2024;23:18:48;24.9;92.0;264;263;0.0;0;0;2907;65;0;
05-09-2024;23:18:49;24.8;92.0;265;262;0.0;0;0;2907;65;0;
05-09-2024;23:18:50;26.3;92.0;263;263;0.0;0;0;2907;65;0;
05-09-2024;23:18:51;27.1;92.0;264;263;0.0;0;0;2907;65;0;
05-09-2024;23:18:52;26.1;92.0;263;263;0.0;0;0;2907;65;0;
05-09-2024;23:18:53;25.0;92.0;263;261;0.0;0;0;2907;65;0;
05-09-2024;23:18:55;25.0;92.0;264;265;0.0;0;0;2907;65;0;
05-09-2024;23:18:56;26.5;92.0;262;262;0.0;0;0;2907;65;0;
05-09-2024;23:18:57;26.9;92.0;264;265;0.0;0;0;2907;65;0;
05-09-2024;23:18:58;25.3;92.0;263;261;0.0;0;0;2907;65;0;
05-09-2024;23:18:59;24.6;92.0;263;265;0.0;0;0;2907;65;0;
05-09-2024;23:19:00;25.9;92.0;264;261;0.0;0;0;2907;65;0;
05-09-2024;23:19:01;27.0;92.0;264;265;0.0;0;0;2907;65;0;
05-09-2024;23:19:03;26.0;92.0;261;261;0.0;0;0;2907;65;0;
05-09-2024;23:19:04;24.9;92.0;263;264;0.0;0;0;2907;65;0;
05-09-2024;23:19:05;25.2;92.0;262;262;0.0;0;0;2907;65;0;
05-09-2024;23:19:06;26.8;92.0;263;264;0.0;0;0;2907;65;0;
05-09-2024;23:19:08;26.3;92.0;265;264;0.0;0;0;2907;65;0;
05-09-2024;23:19:10;27.0;92.0;263;261;0.0;0;0;2907;65;0;
05-09-2024;23:19:11;25.9;92.0;264;265;0.0;0;0;2907;65;0;
05-09-2024;23:19:12;24.9;92.0;263;263;0.0;0;0;2907;65;0;
05-09-2024;23:19:13;25.2;92.0;262;263;0.0;0;0;2907;65;0;
05-09-2024;23:19:14;26.8;92.0;263;263;0.0;0;0;2907;65;0;
05-09-2024;23:19:15;26.8;92.0;263;263;0.0;0;0;2907;65;0;
05-09-2024;23:19:18;27.0;92.0;262;263;0.0;0;0;2907;65;0;
05-09-2024;23:19:19;26.0;92.0;264;264;0.0;0;0;2907;65;0;
05-09-2024;23:19:20;25.1;92.0;261;262;0.0;0;0;2907;65;0;
05-09-2024;23:19:21;24.9;92.0;265;265;0.0;0;0;2907;65;0;
05-09-2024;23:19:23;24.8;92.0;262;265;0.0;0;0;2907;65;0;
05-09-2024;23:19:24;25.7;92.0;263;261;0.0;0;0;2907;65;0;
05-09-2024;23:19:26;27.0;92.0;263;264;0.0;0;0;2907;65;0;
05-09-2024;23:19:27;25.8;92.0;264;264;0.0;0;0;2907;65;0;
05-09-2024;23:19:28;24.7;92.0;263;263;0.0;0;0;2907;65;0;
05-09-2024;23:19:29;25.2;92.0;264;263;0.0;0;0;2907;65;0;
05-09-2024;23:19:30;26.4;92.0;264;261;0.0;0;0;2907;65;0;
05-09-2024;23:19:31;27.0;92.0;264;265;0.0;0;0;2907;65;0;
05-09-2024;23:19:32;25.7;92.0;264;262;0.0;0;0;2907;65;0;
05-09-2024;23:19:34;24.6;92.0;265;263;0.0;0;0;2907;65;0;
05-09-2024;23:19:35;24.7;92.0;264;262;0.0;0;0;2907;65;0;
05-09-2024;23:19:36;26.2;92.0;263;264;0.0;0;0;2907;65;0;
05-09-2024;23:19:37;26.7;92.0;263;261;0.0;0;0;2907;65;0;
05-09-2024;23:19:38;25.6;92.0;264;264;0.0;0;0;2907;65;0;
05-09-2024;23:19:39;24.7;92.0;264;262;0.0;0;0;2907;65;0;
05-09-2024;23:19:41;25.4;92.0;265;265;0.0;0;0;2907;65;0;
05-09-2024;23:19:42;27.1;92.0;263;262;0.0;0;0;2907;65;0;
05-09-2024;23:19:43;26.5;92.0;263;265;0.0;0;0;2907;65;0;
05-09-2024;23:19:44;25.1;92.0;263;263;0.0;0;0;2907;65;0;
05-09-2024;23:19:45;25.2;92.0;264;265;0.0;0;0;2907;65;0;
05-09-2024;23:19:47;24.9;92.0;263;263;0.0;0;0;2907;65;0;
05-09-2024;23:19:50;24.4;92.0;263;262;0.0;0;0;2907;65;0;
05-09-2024;23:19:51;25.4;92.0;263;264;0.0;0;0;2907;65;0;
05-09-2024;23:19:52;26.9;92.0;263;263;0.0;0;0;2907;65;0;
05-09-2024;23:19:53;26.1;92.0;262;264;0.0;0;0;2907;65;0;
05-09-2024;23:19:54;24.8;92.0;262;262;0.0;0;0;2907;65;0;
05-09-2024;23:19:55;24.9;92.0;263;265;0.0;0;0;2907;65;0;
05-09-2024;23:19:57;26.4;92.0;263;263;0.0;0;0;2907;65;0;
05-09-2024;23:19:58;27.0;92.0;263;263;0.0;0;0;2907;65;0;
05-09-2024;23:19:59;25.8;92.0;262;262;0.0;0;0;2907;65;0;
05-09-2024;23:20:00;24.7;92.0;264;264;0.0;0;0;2907;65;0;
05-09-2024;23:20:01;25.2;92.0;263;263;0.0;0;0;2907;65;0;
05-09-2024;23:20:02;26.5;92.0;263;263;0.0;0;0;2907;65;0;
05-09-2024;23:20:05;26.2;92.0;264;263;0.0;0;0;2907;65;0;
05-09-2024;23:20:06;26.8;92.0;262;263;0.0;0;0;2907;65;0;
05-09-2024;23:20:07;26.0;92.0;264;264;0.0;0;0;2907;65;0;
05-09-2024;23:20:08;25.0;92.0;263;262;0.0;0;0;2907;65;0;
05-09-2024;23:20:09;24.9;92.0;264;265;0.0;0;0;2907;65;0;
05-09-2024;23:20:10;26.1;92.0;264;263;0.0;0;0;2907;65;0;
05-09-2024;23:20:12;27.1;92.0;265;264;0.0;0;0;2907;65;0;
05-09-2024;23:20:13;26.5;92.0;264;262;0.0;0;0;2907;65;0;
05-09-2024;23:20:14;25.0;92.0;264;263;0.0;0;0;2907;65;0;
05-09-2024;23:20:15;24.4;92.0;264;264;0.0;0;0;2907;65;0;
05-09-2024;23:20:16;25.3;92.0;265;263;0.0;0;0;2907;65;0;
05-09-2024;23:20:17;26.8;92.0;264;264;0.0;0;0;2907;65;0;
05-09-2024;23:20:20;26.0;92.0;263;263;0.0;0;0;2907;65;0;
05-09-2024;23:20:22;24.9;92.0;264;263;0.0;0;0;2907;65;0;
05-09-2024;23:20:23;26.2;92.0;262;262;0.0;0;0;2907;65;0;
05-09-2024;23:20:24;26.9;92.0;263;264;0.0;0;0;2907;65;0;
05-09-2024;23:20:25;26.0;92.0;263;262;0.0;0;0;2907;65;0;
05-09-2024;23:20:26;25.1;92.0;265;265;0.0;0;0;2907;65;0;
05-09-2024;23:20:28;24.8;92.0;264;262;0.0;0;0;2907;65;0;
05-09-2024;23:20:29;25.7;92.0;265;265;0.0;0;0;2907;65;0;
05-09-2024;23:20:30;26.8;92.0;263;262;0.0;0;0;2907;65;0;
05-09-2024;23:20:31;26.5;92.0;264;264;0.0;0;0;2907;65;0;
05-09-2024;23:20:32;25.2;92.0;265;263;0.0;0;0;2907;65;0;
05-09-2024;23:20:33;24.6;92.0;264;262;0.0;0;0;2907;65;0;
05-09-2024;23:20:35;24.8;92.0;263;264;0.0;0;0;2907;65;0;
05-09-2024;23:20:36;26.3;92.0;261;262;0.0;0;0;2907;65;0;
05-09-2024;23:20:37;27.1;92.0;265;264;0.0;0;0;2907;65;0;
05-09-2024;23:20:38;26.4;92.0;263;262;0.0;0;0;2907;65;0;
05-09-2024;23:20:39;25.5;92.0;265;264;0.0;0;0;2907;65;0;
05-09-2024;23:20:40;24.5;92.0;264;262;0.0;0;0;2907;65;0;
05-09-2024;23:20:41;24.8;92.0;264;264;0.0;0;0;2907;65;0;
05-09-2024;23:20:43;26.4;92.0;263;262;0.0;0;0;2907;65;0;
05-09-2024;23:20:44;27.1;92.0;264;264;0.0;0;0;2907;65;0;
05-09-2024;23:20:45;25.6;92.0;264;261;0.0;0;0;2907;65;0;
05-09-2024;23:20:47;26.2;92.0;263;262;0.0;0;0;2907;65;0;
05-09-2024;23:20:48;25.1;92.0;264;264;0.0;0;0;2907;65;0;
05-09-2024;23:20:49;24.9;92.0;262;263;0.0;0;0;2907;65;0;
05-09-2024;23:20:51;26.3;92.0;262;264;0.0;0;0;2907;65;0;
05-09-2024;23:20:52;26.9;92.0;264;263;0.0;0;0;2907;65;0;
05-09-2024;23:20:53;25.9;92.0;263;261;0.0;0;0;2907;65;0;
05-09-2024;23:20:54;24.7;92.0;264;264;0.0;0;0;2907;65;0;
05-09-2024;23:20:55;24.7;92.0;263;263;0.0;0;0;2907;65;0;
05-09-2024;23:20:56;26.5;92.0;264;263;0.0;0;0;2907;65;0;
05-09-2024;23:20:58;26.4;92.0;264;263;0.0;0;0;2907;65;0;
05-09-2024;23:20:59;25.3;92.0;263;264;0.0;0;0;2907;65;0;
05-09-2024;23:21:00;24.5;92.0;263;262;0.0;0;0;2907;65;0;
05-09-2024;23:21:01;25.0;92.0;265;264;0.0;0;0;2907;65;0;
05-09-2024;23:21:02;26.5;92.0;263;261;0.0;0;0;2907;65;0;
05-09-2024;23:21:03;26.7;92.0;264;265;0.0;0;0;2907;65;0;
05-09-2024;23:21:04;25.7;92.0;262;262;0.0;0;0;2907;65;0;
05-09-2024;23:21:06;24.9;92.0;264;264;0.0;0;0;2907;65;0;
05-09-2024;23:21:07;25.0;92.0;264;263;0.0;0;0;2907;65;0;
05-09-2024;23:21:08;26.2;92.0;264;264;0.0;0;0;2907;65;0;
05-09-2024;23:21:09;27.0;92.0;262;261;0.0;0;0;2907;65;0;
05-09-2024;23:21:10;26.0;92.0;264;265;0.0;0;0;2907;65;0;
05-09-2024;23:21:11;24.7;92.0;264;261;0.0;0;0;2907;65;0;
05-09-2024;23:21:13;24.6;92.0;263;263;0.0;0;0;2907;65;0;
05-09-2024;23:21:14;25.9;92.0;262;261;0.0;0;0;2907;65;0;
05-09-2024;23:21:16;24.8;92.0;264;261;0.0;0;0;2907;65;0;
05-09-2024;23:21:17;26.5;92.0;262;264;0.0;0;0;2907;65;0;
05-09-2024;23:21:18;27.2;92.0;262;263;0.0;0;0;2907;65;0;
05-09-2024;23:21:19;25.7;92.0;264;263;0.0;0;0;2907;65;0;
05-09-2024;23:21:21;24.9;92.0;263;263;0.0;0;0;2907;65;0;
05-09-2024;23:21:22;25.0;92.0;264;262;0.0;0;0;2907;65;0;
05-09-2024;23:21:23;26.3;92.0;264;265;0.0;0;0;2907;65;0;
05-09-2024;23:21:24;26.5;92.0;264;261;0.0;0;0;2907;65;0;
05-09-2024;23:21:25;25.2;92.0;263;265;0.0;0;0;2907;65;0;
05-09-2024;23:21:26;24.5;92.0;263;262;0.0;0;0;2907;65;0;
05-09-2024;23:21:27;25.7;92.0;263;264;0.0;0;0;2907;65;0;
05-09-2024;23:21:29;26.8;92.0;265;262;0.0;0;0;2907;65;0;
05-09-2024;23:21:30;26.3;92.0;265;263;0.0;0;0;2907;65;0;
05-09-2024;23:21:31;25.0;92.0;264;262;0.0;0;0;2907;65;0;
05-09-2024;23:21:32;24.7;92.0;262;263;0.0;0;0;2907;65;0;
05-09-2024;23:21:33;26.2;92.0;264;263;0.0;0;0;2907;65;0;
05-09-2024;23:21:34;26.9;92.0;263;264;0.0;0;0;2907;65;0;
05-09-2024;23:21:36;25.9;92.0;265;262;0.0;0;0;2907;65;0;
05-09-2024;23:21:37;24.8;92.0;264;264;0.0;0;0;2907;65;0;
05-09-2024;23:21:38;25.3;92.0;263;262;0.0;0;0;2907;65;0;
05-09-2024;23:21:39;26.5;92.0;263;265;0.0;0;0;2907;65;0;
05-09-2024;23:21:40;26.3;92.0;263;263;0.0;0;0;2907;65;0;
05-09-2024;23:21:41;25.1;92.0;264;264;0.0;0;0;2907;65;0;
05-09-2024;23:21:42;24.9;92.0;263;262;0.0;0;0;2907;65;0;
05-09-2024;23:21:44;25.9;92.0;265;263;0.0;0;0;2907;65;0;
05-09-2024;23:21:45;27.0;92.0;264;263;0.0;0;0;2907;65;0;
05-09-2024;23:21:46;25.7;92.0;263;264;0.0;0;0;2907;65;0;
05-09-2024;23:21:47;24.9;92.0;263;262;0.0;0;0;2907;65;0;
05-09-2024;23:21:48;25.3;92.0;265;264;0.0;0;0;2907;65;0;
05-09-2024;23:21:49;26.5;92.0;264;262;0.0;0;0;2907;65;0;
05-09-2024;23:21:51;26.8;92.0;265;264;0.0;0;0;2907;65;0;
05-09-2024;23:21:52;25.4;92.0;263;263;0.0;0;0;2907;65;0;
05-09-2024;23:21:53;24.5;92.0;264;263;0.0;0;0;2907;65;0;
05-09-2024;23:21:54;24.9;92.0;264;262;0.0;0;0;2907;65;0;
05-09-2024;23:21:55;26.4;92.0;263;262;0.0;0;0;2907;65;0;
05-09-2024;23:21:57;26.0;92.0;263;262;0.0;0;0;2907;65;0;
05-09-2024;23:21:59;27.1;92.0;264;265;0.0;0;0;2907;65;0;
05-09-2024;23:22:00;26.3;92.0;262;262;0.0;0;0;2907;65;0;
05-09-2024;23:22:01;24.7;92.0;263;265;0.0;0;0;2907;65;0;
05-09-2024;23:22:02;24.7;92.0;264;262;0.0;0;0;2907;65;0;
05-09-2024;23:22:03;26.5;92.0;263;264;0.0;0;0;2907;65;0;
05-09-2024;23:22:04;26.7;92.0;262;263;0.0;0;0;2907;65;0;
05-09-2024;23:22:05;25.3;92.0;264;263;0.0;0;0;2907;65;0;
05-09-2024;23:22:07;24.4;92.0;263;262;0.0;0;0;2907;65;0;
05-09-2024;23:22:08;25.6;92.0;262;264;0.0;0;0;2907;65;0;
05-09-2024;23:22:09;26.8;92.0;264;261;0.0;0;0;2907;65;0;
05-09-2024;23:22:12;24.8;92.0;262;262;0.0;0;0;2907;65;0;
05-09-2024;23:22:13;26.0;92.0;264;265;0.0;0;0;2907;65;0;
05-09-2024;23:22:15;26.7;92.0;263;262;0.0;0;0;2907;65;0;
05-09-2024;23:22:16;26.5;92.0;265;265;0.0;0;0;2907;65;0;
05-09-2024;23:22:17;24.8;92.0;263;261;0.0;0;0;2907;65;0;
05-09-2024;23:22:18;24.7;92.0;263;264;0.0;0;0;2907;65;0;
05-09-2024;23:22:19;25.9;92.0;264;263;0.0;0;0;2907;65;0;
05-09-2024;23:22:21;25.3;92.0;263;261;0.0;0;0;2907;65;0;
05-09-2024;23:22:23;26.7;92.0;264;264;0.0;0;0;2907;65;0;
05-09-2024;23:22:24;26.0;92.0;262;262;0.0;0;0;2907;65;0;
05-09-2024;23:22:25;24.5;92.0;265;265;0.0;0;0;2907;65;0;
05-09-2024;23:22:26;25.0;92.0;263;261;0.0;0;0;2907;65;0;
05-09-2024;23:22:27;26.7;92.0;263;263;0.0;0;0;2907;65;0;
05-09-2024;23:22:30;26.3;92.0;263;263;0.0;0;0;2907;65;0;
05-09-2024;23:22:31;26.7;92.0;263;262;0.0;0;0;2907;65;0;
05-09-2024;23:22:32;25.5;92.0;264;263;0.0;0;0;2907;65;0;
05-09-2024;23:22:33;24.5;92.0;264;264;0.0;0;0;2907;65;0;
05-09-2024;23:22:34;24.8;92.0;263;263;0.0;0;0;2907;65;0;
05-09-2024;23:22:35;26.2;92.0;263;264;0.0;0;0;2907;65;0;
05-09-2024;23:22:36;26.7;92.0;264;262;0.0;0;0;2907;65;0;
05-09-2024;23:22:38;25.9;92.0;264;264;0.0;0;0;2907;65;0;
05-09-2024;23:22:39;24.8;92.0;264;263;0.0;0;0;2907;65;0;
05-09-2024;23:22:40;24.9;92.0;263;263;0.0;0;0;2907;65;0;
05-09-2024;23:22:41;26.5;92.0;263;263;0.0;0;0;2907;65;0;
05-09-2024;23:22:42;27.0;92.0;263;262;0.0;0;0;2907;65;0;
05-09-2024;23:22:43;25.3;92.0;263;265;0.0;0;0;2907;65;0;
05-09-2024;23:22:45;24.5;92.0;262;262;0.0;0;0;2907;65;0;
05-09-2024;23:22:46;25.1;92.0;265;265;0.0;0;0;2907;65;0;
05-09-2024;23:22:47;26.3;92.0;264;262;0.0;0;0;2907;65;0;
05-09-2024;23:22:49;25.6;92.0;264;262;0.0;0;0;2907;65;0;
05-09-2024;23:22:50;26.7;92.0;264;265;0.0;0;0;2907;65;0;
05-09-2024;23:22:51;26.4;92.0;263;261;0.0;0;0;2907;65;0;
05-09-2024;23:22:53;25.2;92.0;264;264;0.0;0;0;2907;65;0;
05-09-2024;23:22:54;24.4;92.0;263;263;0.0;0;0;2907;65;0;
05-09-2024;23:22:55;25.1;92.0;264;264;0.0;0;0;2907;65;0;
05-09-2024;23:22:56;26.5;92.0;264;262;0.0;0;0;2907;65;0;
05-09-2024;23:22:58;26.0;92.0;264;262;0.0;0;0;2907;65;0;
05-09-2024;23:22:59;26.9;92.0;265;265;0.0;0;0;2907;65;0;
05-09-2024;23:23:01;26.5;92.0;264;262;0.0;0;0;2907;65;0;
05-09-2024;23:23:02;25.8;92.0;264;264;0.0;0;0;2907;65;0;
05-09-2024;23:23:03;24.7;92.0;263;262;0.0;0;0;2907;65;0;
05-09-2024;23:23:04;24.8;92.0;264;263;0.0;0;0;2907;65;0;
05-09-2024;23:23:05;26.0;92.0;264;262;0.0;0;0;2907;65;0;
05-09-2024;23:23:06;26.8;92.0;264;263;0.0;0;0;2907;65;0;
05-09-2024;23:23:07;26.0;92.0;264;263;0.0;0;0;2907;65;0;
05-09-2024;23:23:09;24.9;92.0;265;264;0.0;0;0;2907;65;0;
05-09-2024;23:23:10;24.5;92.0;264;262;0.0;0;0;2907;65;0;
05-09-2024;23:23:11;25.2;92.0;264;264;0.0;0;0;2907;65;0;
05-09-2024;23:23:12;26.8;92.0;264;262;0.0;0;0;2907;65;0;
05-09-2024;23:23:14;26.0;92.0;262;262;0.0;0;0;2907;65;0;
05-09-2024;23:23:16;26.7;92.0;264;264;0.0;0;0;2907;65;0;
05-09-2024;23:23:17;25.9;92.0;263;261;0.0;0;0;2907;65;0;
05-09-2024;23:23:18;24.6;92.0;263;265;0.0;0;0;2907;65;0;
05-09-2024;23:23:19;24.7;92.0;264;262;0.0;0;0;2907;65;0;
05-09-2024;23:23:20;25.9;92.0;264;264;0.0;0;0;2907;65;0;
05-09-2024;23:23:21;26.8;92.0;264;264;0.0;0;0;2907;65;0;
05-09-2024;23:23:22;26.2;92.0;264;262;0.0;0;0;2907;65;0;
05-09-2024;23:23:24;25.0;92.0;264;262;0.0;0;0;2907;65;0;
05-09-2024;23:23:25;24.5;92.0;264;263;0.0;0;0;2907;65;0;
05-09-2024;23:23:26;25.0;92.0;263;263;0.0;0;0;2907;65;0;
05-09-2024;23:23:28;24.6;92.0;264;263;0.0;0;0;2907;65;0;
05-09-2024;23:23:29;24.8;92.0;264;264;0.0;0;0;2907;65;0;
05-09-2024;23:23:30;26.0;92.0;263;262;0.0;0;0;2907;65;0;
05-09-2024;23:23:32;26.7;92.0;264;264;0.0;0;0;2907;65;0;
05-09-2024;23:23:33;26.0;92.0;263;262;0.0;0;0;2907;65;0;
05-09-2024;23:23:34;25.1;92.0;265;264;0.0;0;0;2907;65;0;
05-09-2024;23:23:35;24.5;92.0;263;262;0.0;0;0;2907;65;0;
05-09-2024;23:23:36;25.5;92.0;264;264;0.0;0;0;2907;65;0;
05-09-2024;23:23:37;26.5;92.0;263;264;0.0;0;0;2907;65;0;
05-09-2024;23:23:39;26.9;92.0;265;263;0.0;0;0;2907;65;0;
05-09-2024;23:23:41;26.4;92.0;263;263;0.0;0;0;2907;65;0;
05-09-2024;23:23:42;26.5;92.0;262;264;0.0;0;0;2907;65;0;
05-09-2024;23:23:43;25.3;92.0;264;262;0.0;0;0;2907;65;0;
05-09-2024;23:23:44;24.4;92.0;262;263;0.0;0;0;2907;65;0;
05-09-2024;23:23:45;24.9;92.0;263;263;0.0;0;0;2907;65;0;
05-09-2024;23:23:47;26.0;92.0;263;263;0.0;0;0;2907;65;0;
05-09-2024;23:23:48;26.8;92.0;265;263;0.0;0;0;2907;65;0;
05-09-2024;23:23:49;26.0;92.0;264;265;0.0;0;0;2907;65;0;
05-09-2024;23:23:50;24.9;92.0;264;262;0.0;0;0;2907;65;0;
05-09-2024;23:23:51;24.8;92.0;264;264;0.0;0;0;2907;65;0;
05-09-2024;23:23:52;25.4;92.0;264;261;0.0;0;0;2907;65;0;
05-09-2024;23:23:53;26.5;92.0;263;264;0.0;0;0;2907;65;0;
05-09-2024;23:23:55;27.0;92.0;263;262;0.0;0;0;2907;65;0;
05-09-2024;23:23:56;25.5;92.0;263;264;0.0;0;0;2907;65;0;
05-09-2024;23:23:57;24.4;92.0;263;262;0.0;0;0;2907;65;0;
05-09-2024;23:23:59;25.4;92.0;263;263;0.0;0;0;2907;65;0;
05-09-2024;23:24:00;24.7;92.0;265;264;0.0;0;0;2907;65;0;
05-09-2024;23:24:01;24.9;92.0;263;262;0.0;0;0;2907;65;0;
05-09-2024;23:24:03;25.9;92.0;264;264;0.0;0;0;2907;65;0;
05-09-2024;23:24:04;26.9;92.0;264;261;0.0;0;0;2907;65;0;
05-09-2024;23:24:07;24.7;92.0;264;264;0.0;0;0;2907;65;0;
05-09-2024;23:24:08;25.5;92.0;263;262;0.0;0;0;2907;65;0;
05-09-2024;23:24:09;26.5;92.0;263;264;0.0;0;0;2907;65;0;
05-09-2024;23:24:11;26.3;92.0;263;262;0.0;0;0;2907;65;0;
05-09-2024;23:24:12;25.2;92.0;263;264;0.0;0;0;2907;65;0;
05-09-2024;23:24:13;24.4;92.0;263;262;0.0;0;0;2907;65;0;
05-09-2024;23:24:14;24.9;92.0;264;264;0.0;0;0;2907;65;0;
05-09-2024;23:24:15;25.3;92.0;265;264;0.0;0;0;2907;65;0;
05-09-2024;23:24:18;24.3;92.0;264;264;0.0;0;0;2907;65;0;
05-09-2024;23:24:19;24.9;92.0;263;261;0.0;0;0;2907;65;0;
05-09-2024;23:24:20;25.6;92.0;265;263;0.0;0;0;2907;65;0;
05-09-2024;23:24:21;26.4;92.0;263;264;0.0;0;0;2907;65;0;
05-09-2024;23:24:22;26.5;92.0;263;260;0.0;0;0;2907;65;0;
05-09-2024;23:24:23;25.8;92.0;263;265;0.0;0;0;2907;65;0;
05-09-2024;23:24:24;24.7;92.0;264;261;0.0;0;0;2907;65;0;
05-09-2024;23:24:26;24.7;92.0;263;264;0.0;0;0;2907;65;0;
05-09-2024;23:24:27;25.3;92.0;262;264;0.0;0;0;2907;65;0;
05-09-2024;23:24:28;26.5;92.0;262;262;0.0;0;0;2907;65;0;
05-09-2024;23:24:29;26.7;92.0;264;264;0.0;0;0;2907;65;0;
05-09-2024;23:24:30;25.9;92.0;263;262;0.0;0;0;2907;65;0;
05-09-2024;23:24:31;24.5;92.0;262;265;0.0;0;0;2907;65;0;
05-09-2024;23:24:32;24.6;92.0;261;262;0.0;0;0;2907;65;0;
05-09-2024;23:24:34;25.6;92.0;264;264;0.0;0;0;2907;65;0;
05-09-2024;23:24:35;26.8;92.0;264;262;0.0;0;0;2907;65;0;
05-09-2024;23:24:37;25.7;92.0;263;261;0.0;0;0;2907;65;0;
05-09-2024;23:24:39;24.4;92.0;262;261;0.0;0;0;2907;65;0;
05-09-2024;23:24:40;25.5;92.0;263;265;0.0;0;0;2907;65;0;
05-09-2024;23:24:42;26.3;92.0;263;262;0.0;0;0;2907;65;0;
05-09-2024;23:24:43;26.8;92.0;263;265;0.0;0;0;2907;65;0;
05-09-2024;23:24:44;25.9;92.0;262;263;0.0;0;0;2907;65;0;
05-09-2024;23:24:45;24.4;92.0;263;263;0.0;0;0;2907;65;0;
05-09-2024;23:24:46;24.5;92.0;262;263;0.0;0;0;2907;65;0;
05-09-2024;23:24:47;25.9;92.0;263;264;0.0;0;0;2907;65;0;
05-09-2024;23:24:49;26.8;92.0;264;264;0.0;0;0;2907;65;0;
05-09-2024;23:24:50;26.2;92.0;263;263;0.0;0;0;2907;65;0;
05-09-2024;23:24:51;24.7;92.0;265;263;0.0;0;0;2907;65;0;
05-09-2024;23:24:52;24.6;92.0;264;263;0.0;0;0;2907;65;0;
05-09-2024;23:24:53;26.2;92.0;263;262;0.0;0;0;2907;65;0;
05-09-2024;23:24:54;26.9;92.0;264;263;0.0;0;0;2907;65;0;
05-09-2024;23:24:55;26.1;92.0;263;263;0.0;0;0;2907;65;0;
05-09-2024;23:24:59;25.7;92.0;264;263;0.0;0;0;2907;65;0;
05-09-2024;23:25:00;26.8;92.0;264;263;0.0;0;0;2907;65;0;
05-09-2024;23:25:01;26.4;92.0;264;263;0.0;0;0;2907;65;0;
05-09-2024;23:25:02;25.1;92.0;264;262;0.0;0;0;2907;65;0;
05-09-2024;23:25:03;24.4;92.0;264;263;0.0;0;0;2907;65;0;
05-09-2024;23:25:05;24.7;92.0;263;262;0.0;0;0;2907;65;0;
05-09-2024;23:25:06;25.9;92.0;263;263;0.0;0;0;2907;65;0;
05-09-2024;23:25:07;26.8;92.0;262;262;0.0;0;0;2907;65;0;
05-09-2024;23:25:08;26.4;92.0;263;264;0.0;0;0;2907;65;0;
05-09-2024;23:25:09;24.9;92.0;263;262;0.0;0;0;2907;65;0;
05-09-2024;23:25:10;24.7;92.0;264;264;0.0;0;0;2907;65;0;
05-09-2024;23:25:12;24.8;92.0;264;263;0.0;0;0;2907;65;0;
05-09-2024;23:25:13;25.8;92.0;263;263;0.0;0;0;2907;65;0;
05-09-2024;23:25:14;26.8;92.0;264;262;0.0;0;0;2907;65;0;
05-09-2024;23:25:16;25.6;92.0;262;262;0.0;0;0;2907;65;0;
05-09-2024;23:25:17;26.7;92.0;264;263;0.0;0;0;2907;65;0;
05-09-2024;23:25:18;25.9;92.0;263;262;0.0;0;0;2907;65;0;
05-09-2024;23:25:20;24.5;92.0;263;262;0.0;0;0;2907;65;0;
05-09-2024;23:25:21;24.7;92.0;262;264;0.0;0;0;2907;65;0;
05-09-2024;23:25:23;24.4;92.0;264;264;0.0;0;0;2907;65;0;
05-09-2024;23:25:24;25.0;92.0;261;264;0.0;0;0;2907;65;0;
05-09-2024;23:25:26;24.5;92.0;264;264;0.0;0;0;2907;65;0;
05-09-2024;23:25:28;25.7;92.0;264;261;0.0;0;0;2907;65;0;
05-09-2024;23:25:29;26.8;92.0;265;264;0.0;0;0;2907;65;0;
05-09-2024;23:25:30;25.8;92.0;265;261;0.0;0;0;2907;65;0;
05-09-2024;23:25:31;24.5;92.0;265;265;0.0;0;0;2907;65;0;
05-09-2024;23:25:32;24.8;92.0;263;262;0.0;0;0;2907;65;0;
05-09-2024;23:25:33;26.4;92.0;264;264;0.0;0;0;2907;65;0;
05-09-2024;23:25:36;25.6;92.0;264;264;0.0;0;0;2907;65;0;
05-09-2024;23:25:37;26.7;92.0;264;263;0.0;0;0;2907;65;0;
05-09-2024;23:25:38;26.1;92.0;263;263;0.0;0;0;2907;65;0;
05-09-2024;23:25:39;24.5;92.0;263;263;0.0;0;0;2907;65;0;
05-09-2024;23:25:40;24.7;92.0;264;262;0.0;0;0;2907;65;0;
05-09-2024;23:25:41;26.2;92.0;264;262;0.0;0;0;2907;65;0;
05-09-2024;23:25:42;26.5;92.0;264;264;0.0;0;0;2907;65;0;
05-09-2024;23:25:44;25.5;92.0;263;263;0.0;0;0;2907;65;0;
05-09-2024;23:25:45;24.5;92.0;264;264;0.0;0;0;2907;65;0;
05-09-2024;23:25:46;24.8;92.0;263;263;0.0;0;0;2907;65;0;
05-09-2024;23:25:47;25.9;92.0;264;264;0.0;0;0;2907;65;0;
05-09-2024;23:25:48;26.8;92.0;264;261;0.0;0;0;2907;65;0;
05-09-2024;23:25:51;26.0;92.0;262;263;0.0;0;0;2907;65;0;
05-09-2024;23:25:52;26.7;92.0;262;265;0.0;0;0;2907;65;0;
05-09-2024;23:25:53;26.5;92.0;263;262;0.0;0;0;2907;65;0;
05-09-2024;23:25:54;25.3;92.0;263;264;0.0;0;0;2907;65;0;
05-09-2024;23:25:55;24.4;92.0;264;264;0.0;0;0;2907;65;0;
05-09-2024;23:25:56;25.3;92.0;265;263;0.0;0;0;2907;65;0;
05-09-2024;23:25:57;26.7;92.0;262;264;0.0;0;0;2907;65;0;
05-09-2024;23:26:00;25.6;92.0;263;262;0.0;0;0;2907;65;0;
05-09-2024;23:26:01;26.7;92.0;263;263;0.0;0;0;2907;65;0;
05-09-2024;23:26:02;25.9;92.0;263;264;0.0;0;0;2907;65;0;
05-09-2024;23:26:03;24.5;92.0;264;263;0.0;0;0;2907;65;0;
05-09-2024;23:26:04;25.1;92.0;264;263;0.0;0;0;2907;65;0;
05-09-2024;23:26:05;26.7;92.0;262;263;0.0;0;0;2907;65;0;
05-09-2024;23:26:08;25.9;92.0;263;263;0.0;0;0;2907;65;0;
05-09-2024;23:26:09;27.1;92.0;262;262;0.0;0;0;2907;65;0;
05-09-2024;23:26:10;25.7;92.0;265;262;0.0;0;0;2907;65;0;
05-09-2024;23:26:11;24.5;92.0;264;262;0.0;0;0;2907;65;0;
05-09-2024;23:26:12;24.7;92.0;263;263;0.0;0;0;2907;65;0;
05-09-2024;23:26:13;25.9;92.0;263;263;0.0;0;0;2907;65;0;
05-09-2024;23:26:15;26.9;92.0;262;262;0.0;0;0;2907;65;0;
05-09-2024;23:26:17;26.5;92.0;263;262;0.0;0;0;2907;65;0;
05-09-2024;23:26:18;26.5;92.0;264;264;0.0;0;0;2907;65;0;
05-09-2024;23:26:19;25.5;92.0;264;262;0.0;0;0;2907;65;0;
05-09-2024;23:26:20;24.6;92.0;263;263;0.0;0;0;2907;65;0;
05-09-2024;23:26:22;24.7;92.0;263;263;0.0;0;0;2907;65;0;
05-09-2024;23:26:23;25.5;92.0;264;262;0.0;0;0;2907;65;0;
05-09-2024;23:26:25;24.5;92.0;263;262;0.0;0;0;2907;65;0;
05-09-2024;23:26:26;24.8;92.0;263;265;0.0;0;0;2907;65;0;
05-09-2024;23:26:27;25.4;92.0;264;262;0.0;0;0;2907;65;0;
05-09-2024;23:26:28;26.7;92.0;265;263;0.0;0;0;2907;65;0;
05-09-2024;23:26:30;26.7;92.0;263;264;0.0;0;0;2907;65;0;
05-09-2024;23:26:31;26.7;92.0;264;262;0.0;0;0;2907;65;0;
05-09-2024;23:26:33;26.0;92.0;262;262;0.0;0;0;2907;65;0;
05-09-2024;23:26:34;26.7;92.0;265;265;0.0;0;0;2907;65;0;
05-09-2024;23:26:35;26.0;92.0;262;263;0.0;0;0;2907;65;0;
05-09-2024;23:26:36;25.2;92.0;264;262;0.0;0;0;2907;65;0;
05-09-2024;23:26:38;24.9;92.0;263;265;0.0;0;0;2907;65;0;
05-09-2024;23:26:39;24.8;92.0;262;261;0.0;0;0;2907;65;0;
05-09-2024;23:26:40;26.0;92.0;264;265;0.0;0;0;2907;65;0;
05-09-2024;23:26:41;26.5;92.0;264;262;0.0;0;0;2907;65;0;
05-09-2024;23:26:42;26.5;92.0;264;262;0.0;0;0;2907;65;0;
05-09-2024;23:26:43;25.8;92.0;263;265;0.0;0;0;2907;65;0;
05-09-2024;23:26:44;24.9;92.0;263;261;0.0;0;0;2907;65;0;
05-09-2024;23:26:46;24.7;92.0;264;264;0.0;0;0;2907;65;0;
05-09-2024;23:26:47;24.7;92.0;263;261;0.0;0;0;2907;65;0;
05-09-2024;23:26:48;26.1;92.0;263;264;0.0;0;0;2907;65;0;
05-09-2024;23:26:49;26.5;92.0;264;264;0.0;0;0;2907;65;0;
05-09-2024;23:26:50;26.3;92.0;264;262;0.0;0;0;2907;65;0;
05-09-2024;23:26:51;25.7;92.0;264;264;0.0;0;0;2907;65;0;
05-09-2024;23:26:53;24.8;92.0;265;262;0.0;0;0;2907;65;0;
05-09-2024;23:26:54;24.8;92.0;263;265;0.0;0;0;2907;65;0;
05-09-2024;23:26:55;25.7;92.0;263;263;0.0;0;0;2907;65;0;
05-09-2024;23:26:56;26.8;92.0;263;264;0.0;0;0;2907;65;0;
05-09-2024;23:26:57;26.9;92.0;263;265;0.0;0;0;2907;65;0;
05-09-2024;23:26:58;26.2;92.0;263;262;0.0;0;0;2907;65;0;
05-09-2024;23:26:59;25.2;92.0;262;264;0.0;0;0;2907;65;0;
05-09-2024;23:27:01;24.9;92.0;263;263;0.0;0;0;2907;65;0;
05-09-2024;23:27:02;25.0;92.0;263;262;0.0;0;0;2907;65;0;
05-09-2024;23:27:03;24.8;92.0;264;265;0.0;0;0;2907;65;0;
05-09-2024;23:27:04;25.2;92.0;263;262;0.0;0;0;2907;65;0;
05-09-2024;23:27:05;25.7;92.0;263;262;0.0;0;0;2907;65;0;
05-09-2024;23:27:06;26.5;92.0;264;265;0.0;0;0;2907;65;0;
05-09-2024;23:27:08;26.3;92.0;262;262;0.0;0;0;2907;65;0;
05-09-2024;23:27:09;25.5;92.0;265;263;0.0;0;0;2907;65;0;
05-09-2024;23:27:10;24.9;92.0;263;262;0.0;0;0;2907;65;0;
05-09-2024;23:27:11;24.7;92.0;263;263;0.0;0;0;2907;65;0;
05-09-2024;23:27:12;24.7;92.0;264;264;0.0;0;0;2907;65;0;
05-09-2024;23:27:13;24.6;92.0;264;263;0.0;0;0;2907;65;0;
05-09-2024;23:27:14;25.2;92.0;264;265;0.0;0;0;2907;65;0;
05-09-2024;23:27:16;26.1;92.0;263;261;0.0;0;0;2907;65;0;
05-09-2024;23:27:17;26.4;92.0;264;264;0.0;0;0;2907;65;0;
05-09-2024;23:27:18;25.6;92.0;263;261;0.0;0;0;2907;65;0;
05-09-2024;23:27:19;24.5;92.0;264;264;0.0;0;0;2907;65;0;
05-09-2024;23:27:20;24.7;92.0;264;261;0.0;0;0;2907;65;0;
05-09-2024;23:27:21;25.6;92.0;263;265;0.0;0;0;2907;65;0;
05-09-2024;23:27:24;25.0;92.0;263;265;0.0;0;0;2907;65;0;
05-09-2024;23:27:26;24.7;92.0;265;264;0.0;0;0;2907;65;0;
05-09-2024;23:27:27;26.2;92.0;263;262;0.0;0;0;2907;65;0;
05-09-2024;23:27:28;26.8;92.0;263;264;0.0;0;0;2907;65;0;
05-09-2024;23:27:29;25.7;92.0;263;262;0.0;0;0;2907;65;0;
05-09-2024;23:27:31;24.8;92.0;264;263;0.0;0;0;2907;65;0;
05-09-2024;23:27:32;25.3;92.0;263;263;0.0;0;0;2907;65;0;
05-09-2024;23:27:33;26.4;92.0;265;261;0.0;0;0;2907;65;0;
05-09-2024;23:27:34;26.7;92.0;264;264;0.0;0;0;2907;65;0;
05-09-2024;23:27:35;25.5;92.0;261;264;0.0;0;0;2907;65;0;
05-09-2024;23:27:36;24.6;92.0;264;262;0.0;0;0;2907;65;0;
05-09-2024;23:27:37;24.7;92.0;265;265;0.0;0;0;2907;65;0;
05-09-2024;23:27:39;26.0;92.0;264;263;0.0;0;0;2907;65;0;
05-09-2024;23:27:40;27.0;92.0;264;262;0.0;0;0;2907;65;0;
05-09-2024;23:27:41;26.7;92.0;264;263;0.0;0;0;2907;65;0;
05-09-2024;23:27:42;24.8;92.0;262;260;0.0;0;0;2907;65;0;
05-09-2024;23:27:43;24.4;92.0;264;265;0.0;0;0;2907;65;0;
05-09-2024;23:27:44;25.7;92.0;264;262;0.0;0;0;2907;65;0;
05-09-2024;23:27:45;26.4;92.0;264;264;0.0;0;0;2907;65;0;
05-09-2024;23:27:47;26.5;92.0;263;264;0.0;0;0;2907;65;0;
05-09-2024;23:27:48;25.5;92.0;263;262;0.0;0;0;2907;65;0;
05-09-2024;23:27:49;24.7;92.0;263;265;0.0;0;0;2907;65;0;
05-09-2024;23:27:50;25.0;92.0;263;261;0.0;0;0;2907;65;0;
05-09-2024;23:27:51;26.8;92.0;264;264;0.0;0;0;2907;65;0;
05-09-2024;23:27:52;26.4;92.0;262;261;0.0;0;0;2907;65;0;
05-09-2024;23:27:54;25.4;92.0;263;262;0.0;0;0;2907;65;0;
05-09-2024;23:27:55;24.5;92.0;264;264;0.0;0;0;2907;65;0;
05-09-2024;23:27:56;24.9;92.0;264;262;0.0;0;0;2907;65;0;
05-09-2024;23:27:57;25.4;92.0;264;264;0.0;0;0;2907;65;0;
05-09-2024;23:27:58;26.3;92.0;264;263;0.0;0;0;2907;65;0;
05-09-2024;23:28:00;25.5;92.0;264;262;0.0;0;0;2907;65;0;
05-09-2024;23:28:02;26.2;92.0;264;263;0.0;0;0;2907;65;0;
05-09-2024;23:28:03;26.5;92.0;263;265;0.0;0;0;2907;65;0;
05-09-2024;23:28:04;25.6;92.0;263;262;0.0;0;0;2907;65;0;
05-09-2024;23:28:05;24.8;92.0;263;264;0.0;0;0;2907;65;0;
05-09-2024;23:28:06;24.5;92.0;263;261;0.0;0;0;2907;65;0;
05-09-2024;23:28:07;24.9;92.0;263;264;0.0;0;0;2907;65;0;
05-09-2024;23:28:09;26.1;92.0;262;262;0.0;0;0;2907;65;0;
05-09-2024;23:28:10;26.7;92.0;264;264;0.0;0;0;2907;65;0;
05-09-2024;23:28:11;26.2;92.0;262;262;0.0;0;0;2907;65;0;
05-09-2024;23:28:13;26.5;92.0;263;262;0.0;0;0;2907;65;0;
05-09-2024;23:28:14;26.8;92.0;264;264;0.0;0;0;2907;65;0;
05-09-2024;23:28:15;25.8;92.0;263;261;0.0;0;0;2907;65;0;
05-09-2024;23:28:18;26.5;92.0;263;262;0.0;0;0;2907;65;0;
05-09-2024;23:28:19;26.2;92.0;264;264;0.0;0;0;2907;65;0;
05-09-2024;23:28:20;25.9;92.0;263;262;0.0;0;0;2907;65;0;
05-09-2024;23:28:21;25.0;92.0;264;264;0.0;0;0;2907;65;0;
05-09-2024;23:28:22;24.6;92.0;262;261;0.0;0;0;2907;65;0;
05-09-2024;23:28:23;24.9;92.0;264;265;0.0;0;0;2907;65;0;
05-09-2024;23:28:25;25.5;92.0;263;263;0.0;0;0;2907;65;0;
05-09-2024;23:28:26;26.0;92.0;263;263;0.0;0;0;2907;65;0;
05-09-2024;23:28:29;25.8;92.0;262;262;0.0;0;0;2907;65;0;
05-09-2024;23:28:30;25.3;92.0;263;264;0.0;0;0;2907;65;0;
05-09-2024;23:28:31;24.7;92.0;262;262;0.0;0;0;2907;65;0;
05-09-2024;23:28:33;24.8;92.0;263;264;0.0;0;0;2907;65;0;
05-09-2024;23:28:34;25.7;92.0;263;261;0.0;0;0;2907;65;0;
05-09-2024;23:28:35;26.8;92.0;264;265;0.0;0;0;2907;65;0;
05-09-2024;23:28:36;26.5;92.0;264;262;0.0;0;0;2907;65;0;
05-09-2024;23:28:38;26.2;92.0;263;263;0.0;0;0;2907;65;0;
05-09-2024;23:28:41;25.4;92.0;264;264;0.0;0;0;2907;65;0;
05-09-2024;23:28:42;26.3;92.0;264;264;0.0;0;0;2907;65;0;
05-09-2024;23:28:43;26.7;92.0;263;262;0.0;0;0;2907;65;0;
05-09-2024;23:28:44;25.9;92.0;264;264;0.0;0;0;2907;65;0;
05-09-2024;23:28:45;25.4;92.0;262;262;0.0;0;0;2907;65;0;
05-09-2024;23:28:46;25.0;92.0;263;265;0.0;0;0;2907;65;0;
05-09-2024;23:28:47;24.6;92.0;263;261;0.0;0;0;2907;65;0;
05-09-2024;23:28:49;25.0;92.0;263;263;0.0;0;0;2907;65;0;
05-09-2024;23:28:50;25.8;92.0;263;264;0.0;0;0;2907;65;0;
05-09-2024;23:28:51;26.4;92.0;262;261;0.0;0;0;2907;65;0;
05-09-2024;23:28:52;27.0;92.0;264;264;0.0;0;0;2907;65;0;
05-09-2024;23:28:53;25.8;92.0;265;262;0.0;0;0;2907;65;0;
05-09-2024;23:28:54;25.3;92.0;264;262;0.0;0;0;2907;65;0;
05-09-2024;23:28:56;24.9;92.0;264;265;0.0;0;0;2907;65;0;
05-09-2024;23:28:57;24.7;92.0;263;261;0.0;0;0;2907;65;0;
05-09-2024;23:28:58;25.1;92.0;263;263;0.0;0;0;2907;65;0;
05-09-2024;23:28:59;26.0;92.0;263;263;0.0;0;0;2907;65;0;
05-09-2024;23:29:00;26.3;92.0;263;262;0.0;0;0;2907;65;0;
05-09-2024;23:29:01;26.4;92.0;265;264;0.0;0;0;2907;65;0;
05-09-2024;23:29:02;25.8;92.0;264;261;0.0;0;0;2907;65;0;
05-09-2024;23:29:04;24.8;92.0;265;264;0.0;0;0;2907;65;0;
05-09-2024;23:29:05;24.4;92.0;264;262;0.0;0;0;2907;65;0;
05-09-2024;23:29:06;25.4;92.0;263;263;0.0;0;0;2907;65;0;
05-09-2024;23:29:07;26.0;92.0;264;265;0.0;0;0;2907;65;0;
05-09-2024;23:29:09;24.5;92.0;263;264;0.0;0;0;2907;65;0;
05-09-2024;23:29:10;24.5;92.0;262;261;0.0;0;0;2907;65;0;
05-09-2024;23:29:12;24.8;92.0;265;265;0.0;0;0;2907;65;0;
05-09-2024;23:29:13;25.2;92.0;263;263;0.0;0;0;2907;65;0;
05-09-2024;23:29:14;25.4;92.0;263;262;0.0;0;0;2907;65;0;
05-09-2024;23:29:15;26.4;92.0;263;263;0.0;0;0;2907;65;0;
05-09-2024;23:29:16;26.5;92.0;261;262;0.0;0;0;2907;65;0;
05-09-2024;23:29:17;26.4;92.0;263;265;0.0;0;0;2907;65;0;
05-09-2024;23:29:19;25.8;92.0;263;262;0.0;0;0;2907;65;0;
05-09-2024;23:29:20;25.0;92.0;264;264;0.0;0;0;2907;65;0;
05-09-2024;23:29:21;24.6;92.0;264;262;0.0;0;0;2907;65;0;
05-09-2024;23:29:22;24.8;92.0;264;262;0.0;0;0;2907;65;0;
05-09-2024;23:29:23;24.9;92.0;265;265;0.0;0;0;2907;65;0;
05-09-2024;23:29:24;25.5;92.0;263;262;0.0;0;0;2907;65;0;
05-09-2024;23:29:25;26.4;92.0;264;264;0.0;0;0;2907;65;0;
05-09-2024;23:29:27;26.4;92.0;262;264;0.0;0;0;2907;65;0;
05-09-2024;23:29:28;26.1;92.0;264;261;0.0;0;0;2907;65;0;
05-09-2024;23:29:29;25.4;92.0;264;263;0.0;0;0;2907;65;0;
05-09-2024;23:29:30;24.9;92.0;263;263;0.0;0;0;2907;65;0;
05-09-2024;23:29:31;24.7;92.0;263;263;0.0;0;0;2907;65;0;
05-09-2024;23:29:32;25.0;92.0;263;265;0.0;0;0;2907;65;0;
05-09-2024;23:29:33;25.6;92.0;264;261;0.0;0;0;2907;65;0;
05-09-2024;23:29:35;26.1;92.0;263;265;0.0;0;0;2907;65;0;
05-09-2024;23:29:36;26.5;92.0;262;261;0.0;0;0;2907;65;0;
05-09-2024;23:29:37;26.7;92.0;265;263;0.0;0;0;2907;65;0;
05-09-2024;23:29:38;26.4;92.0;263;264;0.0;0;0;2907;65;0;
05-09-2024;23:29:39;25.5;92.0;263;262;0.0;0;0;2907;65;0;
05-09-2024;23:29:40;25.2;92.0;264;265;0.0;0;0;2907;65;0;
05-09-2024;23:29:42;24.7;92.0;263;261;0.0;0;0;2907;65;0;
05-09-2024;23:29:43;25.0;92.0;262;264;0.0;0;0;2907;65;0;
05-09-2024;23:29:44;25.6;92.0;264;262;0.0;0;0;2907;65;0;
05-09-2024;23:29:45;26.5;92.0;263;264;0.0;0;0;2907;65;0;
05-09-2024;23:29:46;26.4;92.0;262;263;0.0;0;0;2907;65;0;
05-09-2024;23:29:47;25.3;92.0;263;264;0.0;0;0;2907;65;0;
05-09-2024;23:29:48;24.5;92.0;263;262;0.0;0;0;2907;65;0;
05-09-2024;23:29:50;24.9;92.0;264;264;0.0;0;0;2907;65;0;
05-09-2024;23:29:51;25.5;92.0;264;262;0.0;0;0;2907;65;0;
05-09-2024;23:29:52;26.2;92.0;264;263;0.0;0;0;2907;65;0;
05-09-2024;23:29:53;26.5;92.0;263;264;0.0;0;0;2907;65;0;
05-09-2024;23:29:54;26.2;92.0;264;262;0.0;0;0;2907;65;0;
05-09-2024;23:29:55;26.1;92.0;264;264;0.0;0;0;2907;65;0;
05-09-2024;23:29:57;25.1;92.0;264;263;0.0;0;0;2907;65;0;
05-09-2024;23:29:58;25.0;92.0;264;264;0.0;0;0;2907;65;0;
05-09-2024;23:29:59;24.8;92.0;263;262;0.0;0;0;2907;65;0;
05-09-2024;23:30:00;24.7;92.0;264;265;0.0;0;0;2907;65;0;
05-09-2024;23:30:01;24.5;92.0;264;261;0.0;0;0;2907;65;0;
05-09-2024;23:30:02;25.0;92.0;264;265;0.0;0;0;2907;65;0;
05-09-2024;23:30:03;25.4;92.0;263;261;0.0;0;0;2907;65;0;
05-09-2024;23:30:05;25.8;92.0;264;264;0.0;0;0;2907;65;0;
05-09-2024;23:30:06;26.0;92.0;264;262;0.0;0;0;2907;65;0;
05-09-2024;23:30:07;26.4;92.0;263;264;0.0;0;0;2907;65;0;
05-09-2024;23:30:08;26.3;92.0;263;263;0.0;0;0;2907;65;0;
05-09-2024;23:30:09;25.9;92.0;264;264;0.0;0;0;2907;65;0;
05-09-2024;23:30:10;25.1;92.0;264;262;0.0;0;0;2907;65;0;
05-09-2024;23:30:11;25.1;92.0;264;263;0.0;0;0;2907;65;0;
05-09-2024;23:30:13;24.8;92.0;264;263;0.0;0;0;2907;65;0;
05-09-2024;23:30:14;25.0;92.0;262;263;0.0;0;0;2907;65;0;
05-09-2024;23:30:15;25.4;92.0;263;263;0.0;0;0;2907;65;0;
05-09-2024;23:30:16;25.5;92.0;264;263;0.0;0;0;2907;65;0;
05-09-2024;23:30:17;26.3;92.0;263;264;0.0;0;0;2907;65;0;
05-09-2024;23:30:18;26.5;92.0;264;263;0.0;0;0;2907;65;0;
05-09-2024;23:30:20;26.1;92.0;263;264;0.0;0;0;2907;65;0;
05-09-2024;23:30:21;25.7;92.0;265;263;0.0;0;0;2907;65;0;
05-09-2024;23:30:22;24.7;92.0;262;263;0.0;0;0;2907;65;0;
05-09-2024;23:30:23;24.9;92.0;265;263;0.0;0;0;2907;65;0;
05-09-2024;23:30:24;25.6;92.0;264;264;0.0;0;0;2907;65;0;
05-09-2024;23:30:25;26.8;92.0;263;263;0.0;0;0;2907;65;0;
05-09-2024;23:30:26;26.5;92.0;263;262;0.0;0;0;2907;65;0;
05-09-2024;23:30:28;24.6;92.0;264;264;0.0;0;0;2907;65;0;
05-09-2024;23:30:29;24.4;92.0;262;261;0.0;0;0;2907;65;0;
05-09-2024;23:30:30;25.2;92.0;264;264;0.0;0;0;2907;65;0;
05-09-2024;23:30:31;25.7;92.0;261;262;0.0;0;0;2907;65;0;
05-09-2024;23:30:32;26.4;92.0;265;265;0.0;0;0;2907;65;0;
05-09-2024;23:30:33;26.4;92.0;263;263;0.0;0;0;2907;65;0;
05-09-2024;23:30:35;25.2;92.0;264;264;0.0;0;0;2907;65;0;
05-09-2024;23:30:36;25.0;92.0;264;263;0.0;0;0;2907;65;0;
05-09-2024;23:30:37;24.5;92.0;262;263;0.0;0;0;2907;65;0;
05-09-2024;23:30:38;24.5;92.0;263;263;0.0;0;0;2907;65;0;
05-09-2024;23:30:39;25.5;92.0;263;263;0.0;0;0;2907;65;0;
05-09-2024;23:30:40;26.0;92.0;265;263;0.0;0;0;2907;65;0;
05-09-2024;23:30:41;26.5;92.0;262;262;0.0;0;0;2907;65;0;
05-09-2024;23:30:43;26.2;92.0;264;264;0.0;0;0;2907;65;0;
05-09-2024;23:30:44;25.8;92.0;265;261;0.0;0;0;2907;65;0;
05-09-2024;23:30:45;25.0;92.0;264;264;0.0;0;0;2907;65;0;
05-09-2024;23:30:46;25.0;92.0;262;263;0.0;0;0;2907;65;0;
05-09-2024;23:30:47;24.6;92.0;262;263;0.0;0;0;2907;65;0;
05-09-2024;23:30:48;24.6;92.0;264;264;0.0;0;0;2907;65;0;
05-09-2024;23:30:50;25.2;92.0;262;261;0.0;0;0;2907;65;0;
05-09-2024;23:30:51;25.4;92.0;263;264;0.0;0;0;2907;65;0;
05-09-2024;23:30:52;26.0;92.0;265;262;0.0;0;0;2907;65;0;
05-09-2024;23:30:53;26.4;92.0;264;264;0.0;0;0;2907;65;0;
05-09-2024;23:30:54;26.3;92.0;262;263;0.0;0;0;2907;65;0;
05-09-2024;23:30:55;25.7;92.0;263;261;0.0;0;0;2907;65;0;
05-09-2024;23:30:56;24.9;92.0;264;265;0.0;0;0;2907;65;0;
05-09-2024;23:30:58;24.5;92.0;264;261;0.0;0;0;2907;65;0;
05-09-2024;23:30:59;25.1;92.0;263;264;0.0;0;0;2907;65;0;
05-09-2024;23:31:00;26.0;92.0;264;261;0.0;0;0;2907;65;0;
05-09-2024;23:31:01;26.1;92.0;264;264;0.0;0;0;2907;65;0;
05-09-2024;23:31:02;26.7;92.0;263;264;0.0;0;0;2907;65;0;
05-09-2024;23:31:03;26.0;92.0;264;264;0.0;0;0;2907;65;0;
05-09-2024;23:31:04;25.2;92.0;262;264;0.0;0;0;2907;65;0;
05-09-2024;23:31:06;24.9;92.0;263;262;0.0;0;0;2907;65;0;
05-09-2024;23:31:07;24.5;92.0;265;263;0.0;0;0;2907;65;0;
05-09-2024;23:31:08;25.0;92.0;263;261;0.0;0;0;2907;65;0;
05-09-2024;23:31:09;25.2;92.0;264;265;0.0;0;0;2907;65;0;
05-09-2024;23:31:10;25.4;92.0;263;262;0.0;0;0;2907;65;0;
05-09-2024;23:31:11;26.0;92.0;264;264;0.0;0;0;2907;65;0;
05-09-2024;23:31:14;24.5;92.0;263;264;0.0;0;0;2907;65;0;
05-09-2024;23:31:15;24.9;92.0;264;262;0.0;0;0;2907;65;0;
05-09-2024;23:31:16;25.4;92.0;263;262;0.0;0;0;2907;65;0;
05-09-2024;23:31:17;25.9;92.0;265;264;0.0;0;0;2907;65;0;
05-09-2024;23:31:18;26.4;92.0;263;262;0.0;0;0;2907;65;0;
05-09-2024;23:31:19;26.5;92.0;264;265;0.0;0;0;2907;65;0;
05-09-2024;23:31:21;26.1;92.0;264;263;0.0;0;0;2907;65;0;
05-09-2024;23:31:22;25.7;92.0;264;263;0.0;0;0;2907;65;0;
05-09-2024;23:31:24;25.7;92.0;263;262;0.0;0;0;2907;65;0;
05-09-2024;23:31:26;24.5;92.0;263;262;0.0;0;0;2907;65;0;
05-09-2024;23:31:27;24.7;92.0;265;265;0.0;0;0;2907;65;0;
05-09-2024;23:31:29;25.0;92.0;263;263;0.0;0;0;2907;65;0;
05-09-2024;23:31:30;25.5;92.0;262;263;0.0;0;0;2907;65;0;
05-09-2024;23:31:31;25.7;92.0;263;265;0.0;0;0;2907;65;0;
05-09-2024;23:31:32;26.0;92.0;264;262;0.0;0;0;2907;65;0;
05-09-2024;23:31:33;26.4;92.0;263;265;0.0;0;0;2907;65;0;
05-09-2024;23:31:34;26.5;92.0;263;263;0.0;0;0;2907;65;0;
05-09-2024;23:31:35;26.5;92.0;264;263;0.0;0;0;2907;65;0;
05-09-2024;23:31:37;26.3;92.0;262;264;0.0;0;0;2907;65;0;
05-09-2024;23:31:38;26.0;92.0;263;263;0.0;0;0;2907;65;0;
05-09-2024;23:31:39;25.5;92.0;264;263;0.0;0;0;2907;65;0;
05-09-2024;23:31:40;24.9;92.0;264;265;0.0;0;0;2907;65;0;
05-09-2024;23:31:41;24.2;92.0;264;262;0.0;0;0;2907;65;0;
05-09-2024;23:31:42;24.6;92.0;265;264;0.0;0;0;2907;65;0;
05-09-2024;23:31:44;24.9;92.0;263;263;0.0;0;0;2907;65;0;
05-09-2024;23:31:45;25.3;92.0;262;263;0.0;0;0;2907;65;0;
05-09-2024;23:31:46;25.4;92.0;264;265;0.0;0;0;2907;65;0;
05-09-2024;23:31:47;26.0;92.0;264;261;0.0;0;0;2907;65;0;
05-09-2024;23:31:48;26.3;92.0;262;264;0.0;0;0;2907;65;0;
05-09-2024;23:31:49;26.7;92.0;264;263;0.0;0;0;2907;65;0;
05-09-2024;23:31:50;26.4;92.0;262;261;0.0;0;0;2907;65;0;
05-09-2024;23:31:52;25.3;92.0;264;265;0.0;0;0;2907;65;0;
05-09-2024;23:31:53;25.3;92.0;263;262;0.0;0;0;2907;65;0;
05-09-2024;23:31:54;25.1;92.0;265;264;0.0;0;0;2907;65;0;
05-09-2024;23:31:55;24.9;92.0;264;264;0.0;0;0;2907;65;0;
05-09-2024;23:31:56;24.5;92.0;264;263;0.0;0;0;2907;65;0;
05-09-2024;23:31:57;24.7;92.0;265;265;0.0;0;0;2907;65;0;
05-09-2024;23:31:58;25.2;92.0;264;262;0.0;0;0;2907;65;0;
05-09-2024;23:32:00;25.3;92.0;262;264;0.0;0;0;2907;65;0;
05-09-2024;23:32:01;25.5;92.0;263;263;0.0;0;0;2907;65;0;
05-09-2024;23:32:02;25.4;92.0;263;263;0.0;0;0;2907;65;0;
05-09-2024;23:32:03;25.7;92.0;263;264;0.0;0;0;2907;65;0;
05-09-2024;23:32:04;26.1;92.0;263;262;0.0;0;0;2907;65;0;
05-09-2024;23:32:05;26.4;92.0;263;262;0.0;0;0;2907;65;0;
05-09-2024;23:32:07;26.8;92.0;264;265;0.0;0;0;2907;65;0;
05-09-2024;23:32:08;26.8;92.0;265;262;0.0;0;0;2907;65;0;
05-09-2024;23:32:09;26.4;92.0;263;262;0.0;0;0;2907;65;0;
05-09-2024;23:32:10;25.6;92.0;264;264;0.0;0;0;2907;65;0;
05-09-2024;23:32:11;25.0;92.0;263;263;0.0;0;0;2907;65;0;
05-09-2024;23:32:12;24.9;92.0;261;263;0.0;0;0;2907;65;0;
05-09-2024;23:32:13;24.4;92.0;265;263;0.0;0;0;2907;65;0;
05-09-2024;23:32:15;24.3;92.0;264;262;0.0;0;0;2907;65;0;
05-09-2024;23:32:16;25.1;92.0;265;264;0.0;0;0;2907;65;0;
05-09-2024;23:32:17;25.4;92.0;262;263;0.0;0;0;2907;65;0;
05-09-2024;23:32:18;26.1;92.0;262;262;0.0;0;0;2907;65;0;
05-09-2024;23:32:20;24.9;92.0;263;261;0.0;0;0;2907;65;0;
05-09-2024;23:32:21;24.8;92.0;264;265;0.0;0;0;2907;65;0;
05-09-2024;23:32:23;25.1;92.0;263;263;0.0;0;0;2907;65;0;
05-09-2024;23:32:24;25.8;92.0;262;262;0.0;0;0;2907;65;0;
05-09-2024;23:32:25;26.3;92.0;265;265;0.0;0;0;2907;65;0;
05-09-2024;23:32:26;26.8;92.0;265;263;0.0;0;0;2907;65;0;
05-09-2024;23:32:27;26.8;92.0;263;262;0.0;0;0;2907;65;0;
05-09-2024;23:32:28;26.7;92.0;265;265;0.0;0;0;2907;65;0;
05-09-2024;23:32:30;26.0;92.0;264;263;0.0;0;0;2907;65;0;
05-09-2024;23:32:31;25.1;92.0;263;262;0.0;0;0;2907;65;0;
05-09-2024;23:32:32;24.8;92.0;264;264;0.0;0;0;2907;65;0;
05-09-2024;23:32:33;24.6;92.0;262;261;0.0;0;0;2907;65;0;
05-09-2024;23:32:34;24.4;92.0;265;263;0.0;0;0;2907;65;0;
05-09-2024;23:32:35;24.7;92.0;265;264;0.0;0;0;2907;65;0;
05-09-2024;23:32:36;25.7;92.0;263;263;0.0;0;0;2907;65;0;
05-09-2024;23:32:38;26.0;92.0;263;263;0.0;0;0;2907;65;0;
05-09-2024;23:32:39;26.2;92.0;264;263;0.0;0;0;2907;65;0;
05-09-2024;23:32:40;26.5;92.0;264;262;0.0;0;0;2907;65;0;
05-09-2024;23:32:41;26.3;92.0;265;265;0.0;0;0;2907;65;0;
05-09-2024;23:32:42;25.7;92.0;264;262;0.0;0;0;2907;65;0;
05-09-2024;23:32:43;25.2;92.0;263;263;0.0;0;0;2907;65;0;
05-09-2024;23:32:45;24.8;92.0;262;265;0.0;0;0;2907;65;0;
05-09-2024;23:32:46;24.9;92.0;264;262;0.0;0;0;2907;65;0;
05-09-2024;23:32:47;24.9;92.0;265;263;0.0;0;0;2907;65;0;
05-09-2024;23:32:48;25.2;92.0;265;265;0.0;0;0;2907;65;0;
05-09-2024;23:32:49;26.0;92.0;263;261;0.0;0;0;2907;65;0;
05-09-2024;23:32:51;24.8;92.0;265;263;0.0;0;0;2907;65;0;
05-09-2024;23:32:53;24.6;92.0;264;262;0.0;0;0;2907;65;0;
05-09-2024;23:32:54;24.7;92.0;263;264;0.0;0;0;2907;65;0;
05-09-2024;23:32:55;24.6;92.0;263;265;0.0;0;0;2907;65;0;
05-09-2024;23:32:56;24.9;92.0;263;262;0.0;0;0;2907;65;0;
05-09-2024;23:32:57;25.1;92.0;263;263;0.0;0;0;2907;65;0;
05-09-2024;23:32:58;25.4;92.0;263;264;0.0;0;0;2907;65;0;
05-09-2024;23:32:59;26.1;92.0;263;261;0.0;0;0;2907;65;0;
05-09-2024;23:33:01;26.5;92.0;262;262;0.0;0;0;2907;65;0;
05-09-2024;23:33:02;26.5;92.0;264;265;0.0;0;0;2907;65;0;
05-09-2024;23:33:03;26.2;92.0;264;263;0.0;0;0;2907;65;0;
05-09-2024;23:33:04;25.5;92.0;264;262;0.0;0;0;2907;65;0;
05-09-2024;23:33:05;25.0;92.0;265;264;0.0;0;0;2907;65;0;
05-09-2024;23:33:06;24.5;92.0;264;261;0.0;0;0;2907;65;0;
05-09-2024;23:33:08;24.9;92.0;263;264;0.0;0;0;2907;65;0;
05-09-2024;23:33:09;25.4;92.0;263;265;0.0;0;0;2907;65;0;
05-09-2024;23:33:10;26.0;92.0;262;262;0.0;0;0;2907;65;0;
05-09-2024;23:33:11;26.8;92.0;263;263;0.0;0;0;2907;65;0;
05-09-2024;23:33:12;26.7;92.0;264;263;0.0;0;0;2907;65;0;
05-09-2024;23:33:13;25.8;92.0;264;262;0.0;0;0;2907;65;0;
05-09-2024;23:33:14;25.4;92.0;263;265;0.0;0;0;2907;65;0;
05-09-2024;23:33:16;25.0;92.0;263;263;0.0;0;0;2907;65;0;
05-09-2024;23:33:17;24.4;92.0;262;261;0.0;0;0;2907;65;0;
05-09-2024;23:33:18;24.3;92.0;263;263;0.0;0;0;2907;65;0;
05-09-2024;23:33:19;24.7;92.0;265;263;0.0;0;0;2907;65;0;
05-09-2024;23:33:20;25.4;92.0;263;263;0.0;0;0;2907;65;0;
05-09-2024;23:33:21;25.5;92.0;265;265;0.0;0;0;2907;65;0;
05-09-2024;23:33:23;26.3;92.0;263;263;0.0;0;0;2907;65;0;
05-09-2024;23:33:25;24.7;92.0;263;263;0.0;0;0;2907;65;0;
05-09-2024;23:33:26;25.0;92.0;264;263;0.0;0;0;2907;65;0;
05-09-2024;23:33:27;25.4;92.0;264;264;0.0;0;0;2907;65;0;
05-09-2024;23:33:28;26.5;92.0;263;262;0.0;0;0;2907;65;0;
05-09-2024;23:33:29;26.7;92.0;264;263;0.0;0;0;2907;65;0;
05-09-2024;23:33:31;26.5;92.0;263;265;0.0;0;0;2907;65;0;
05-09-2024;23:33:32;25.6;92.0;264;262;0.0;0;0;2907;65;0;
05-09-2024;23:33:33;25.1;92.0;264;263;0.0;0;0;2907;65;0;
05-09-2024;23:33:34;24.5;92.0;264;263;0.0;0;0;2907;65;0;
05-09-2024;23:33:35;24.4;92.0;263;263;0.0;0;0;2907;65;0;
05-09-2024;23:33:36;24.5;92.0;263;264;0.0;0;0;2907;65;0;
05-09-2024;23:33:37;25.2;92.0;264;264;0.0;0;0;2907;65;0;
05-09-2024;23:33:39;26.0;92.0;264;262;0.0;0;0;2907;65;0;
05-09-2024;23:33:41;24.5;92.0;263;262;0.0;0;0;2907;65;0;
05-09-2024;23:33:42;24.9;92.0;264;264;0.0;0;0;2907;65;0;
05-09-2024;23:33:43;24.9;92.0;265;264;0.0;0;0;2907;65;0;
05-09-2024;23:33:44;25.5;92.0;263;262;0.0;0;0;2907;65;0;
05-09-2024;23:33:45;26.0;92.0;265;265;0.0;0;0;2907;65;0;
05-09-2024;23:33:47;26.2;92.0;263;264;0.0;0;0;2907;65;0;
05-09-2024;23:33:48;26.0;92.0;262;262;0.0;0;0;2907;65;0;
05-09-2024;23:33:49;26.2;92.0;265;264;0.0;0;0;2907;65;0;
05-09-2024;23:33:50;26.3;92.0;263;262;0.0;0;0;2907;65;0;
05-09-2024;23:33:51;26.2;92.0;263;262;0.0;0;0;2907;65;0;
05-09-2024;23:33:52;26.3;92.0;264;265;0.0;0;0;2907;65;0;
05-09-2024;23:33:54;26.3;92.0;262;262;0.0;0;0;2907;65;0;
05-09-2024;23:33:55;26.1;92.0;262;262;0.0;0;0;2907;65;0;
05-09-2024;23:33:56;26.1;92.0;263;265;0.0;0;0;2907;65;0;
05-09-2024;23:33:57;26.4;92.0;264;262;0.0;0;0;2907;65;0;
05-09-2024;23:33:58;26.1;92.0;263;261;0.0;0;0;2907;65;0;
05-09-2024;23:33:59;26.2;92.0;262;265;0.0;0;0;2907;65;0;
05-09-2024;23:34:00;24.7;92.0;263;260;0.0;0;0;2907;65;0;
05-09-2024;23:34:02;24.7;92.0;264;264;0.0;0;0;2907;65;0;
05-09-2024;23:34:03;24.7;92.0;262;264;0.0;0;0;2907;65;0;
05-09-2024;23:34:04;24.8;92.0;263;263;0.0;0;0;2907;65;0;
05-09-2024;23:34:05;24.6;92.0;265;263;0.0;0;0;2907;65;0;
05-09-2024;23:34:06;25.3;92.0;264;264;0.0;0;0;2907;65;0;
05-09-2024;23:34:07;25.7;92.0;263;261;0.0;0;0;2907;65;0;
05-09-2024;23:34:09;25.9;92.0;263;264;0.0;0;0;2907;65;0;
05-09-2024;23:34:10;26.2;92.0;263;262;0.0;0;0;2907;65;0;
05-09-2024;23:34:11;26.2;92.0;263;264;0.0;0;0;2907;65;0;
05-09-2024;23:34:12;26.3;92.0;264;264;0.0;0;0;2907;65;0;
05-09-2024;23:34:13;26.5;92.0;263;261;0.0;0;0;2907;65;0;
05-09-2024;23:34:14;26.3;92.0;263;265;0.0;0;0;2907;65;0;
05-09-2024;23:34:15;26.1;92.0;264;263;0.0;0;0;2907;65;0;
05-09-2024;23:34:17;25.6;92.0;265;262;0.0;0;0;2907;65;0;
05-09-2024;23:34:18;25.3;92.0;264;263;0.0;0;0;2907;65;0;
05-09-2024;23:34:19;25.5;92.0;263;261;0.0;0;0;2907;65;0;
05-09-2024;23:34:20;24.9;92.0;264;264;0.0;0;0;2907;65;0;
05-09-2024;23:34:21;25.0;92.0;264;264;0.0;0;0;2907;65;0;
05-09-2024;23:34:22;25.1;92.0;264;262;0.0;0;0;2907;65;0;
05-09-2024;23:34:23;25.0;92.0;265;264;0.0;0;0;2907;65;0;
05-09-2024;23:34:25;25.0;92.0;263;265;0.0;0;0;2907;65;0;
05-09-2024;23:34:26;25.0;92.0;265;262;0.0;0;0;2907;65;0;
05-09-2024;23:34:27;25.1;92.0;262;263;0.0;0;0;2907;65;0;
05-09-2024;23:34:28;25.0;92.0;263;264;0.0;0;0;2907;65;0;
05-09-2024;23:34:29;25.1;92.0;263;263;0.0;0;0;2907;65;0;
05-09-2024;23:34:30;25.1;92.0;262;261;0.0;0;0;2907;65;0;
05-09-2024;23:34:32;25.1;92.0;262;262;0.0;0;0;2907;65;0;
05-09-2024;23:34:33;25.0;92.0;264;263;0.0;0;0;2907;65;0;
05-09-2024;23:34:34;25.0;92.0;264;263;0.0;0;0;2907;65;0;
05-09-2024;23:34:35;24.8;92.0;264;264;0.0;0;0;2907;65;0;
05-09-2024;23:34:36;25.2;92.0;264;264;0.0;0;0;2907;65;0;
05-09-2024;23:34:37;24.7;92.0;264;262;0.0;0;0;2907;65;0;
05-09-2024;23:34:38;25.0;92.0;264;265;0.0;0;0;2907;65;0;
05-09-2024;23:34:40;24.9;92.0;263;262;0.0;0;0;2907;65;0;
05-09-2024;23:34:41;24.9;92.0;263;263;0.0;0;0;2907;65;0;
05-09-2024;23:34:42;24.7;92.0;264;265;0.0;0;0;2907;65;0;
05-09-2024;23:34:43;25.0;92.0;264;261;0.0;0;0;2907;65;0;
05-09-2024;23:34:44;24.8;92.0;263;265;0.0;0;0;2907;65;0;
05-09-2024;23:34:45;25.5;92.0;264;263;0.0;0;0;2907;65;0;
05-09-2024;23:34:46;26.1;92.0;264;261;0.0;0;0;2907;65;0;
05-09-2024;23:34:48;26.3;92.0;265;265;0.0;0;0;2907;65;0;
05-09-2024;23:34:49;26.2;92.0;262;263;0.0;0;0;2907;65;0;
05-09-2024;23:34:50;26.2;92.0;264;263;0.0;0;0;2907;65;0;
05-09-2024;23:34:51;26.4;92.0;264;265;0.0;0;0;2907;65;0;
05-09-2024;23:34:52;26.1;92.0;263;261;0.0;0;0;2907;65;0;
05-09-2024;23:34:53;26.2;92.0;264;263;0.0;0;0;2907;65;0;
05-09-2024;23:34:55;25.6;92.0;261;262;0.0;0;0;2907;65;0;
05-09-2024;23:34:56;25.3;92.0;262;262;0.0;0;0;2907;65;0;
05-09-2024;23:34:57;25.1;92.0;264;264;0.0;0;0;2907;65;0;
05-09-2024;23:34:58;25.0;92.0;264;263;0.0;0;0;2907;65;0;
05-09-2024;23:34:59;24.9;92.0;264;264;0.0;0;0;2907;65;0;
05-09-2024;23:35:00;24.9;92.0;264;264;0.0;0;0;2907;65;0;
05-09-2024;23:35:01;24.8;92.0;264;262;0.0;0;0;2907;65;0;
05-09-2024;23:35:03;24.7;92.0;264;264;0.0;0;0;2907;65;0;
05-09-2024;23:35:04;25.0;92.0;263;264;0.0;0;0;2907;65;0;
05-09-2024;23:35:05;25.4;92.0;262;261;0.0;0;0;2907;65;0;
05-09-2024;23:35:06;25.0;92.0;264;264;0.0;0;0;2907;65;0;
05-09-2024;23:35:07;25.0;92.0;263;265;0.0;0;0;2907;65;0;
05-09-2024;23:35:08;25.0;92.0;263;261;0.0;0;0;2907;65;0;
05-09-2024;23:35:10;25.0;92.0;264;264;0.0;0;0;2907;65;0;
05-09-2024;23:35:11;25.0;92.0;264;264;0.0;0;0;2907;65;0;
05-09-2024;23:35:12;25.0;92.0;263;262;0.0;0;0;2907;65;0;
05-09-2024;23:35:13;25.3;92.0;264;263;0.0;0;0;2907;65;0;
05-09-2024;23:35:14;25.2;92.0;264;263;0.0;0;0;2907;65;0;
05-09-2024;23:35:15;24.9;92.0;263;262;0.0;0;0;2907;65;0;
05-09-2024;23:35:16;24.9;92.0;263;265;0.0;0;0;2907;65;0;
05-09-2024;23:35:18;24.8;92.0;264;262;0.0;0;0;2907;65;0;
05-09-2024;23:35:19;24.8;92.0;263;261;0.0;0;0;2907;65;0;
05-09-2024;23:35:21;26.3;92.0;262;261;0.0;0;0;2907;65;0;
05-09-2024;23:35:22;26.5;92.0;264;265;0.0;0;0;2907;65;0;
05-09-2024;23:35:23;26.3;92.0;263;262;0.0;0;0;2907;65;0;
05-09-2024;23:35:26;25.5;92.0;264;263;0.0;0;0;2907;65;0;
05-09-2024;23:35:27;25.6;92.0;263;264;0.0;0;0;2907;65;0;
05-09-2024;23:35:28;26.3;92.0;264;263;0.0;0;0;2907;65;0;
05-09-2024;23:35:29;26.5;92.0;264;262;0.0;0;0;2907;65;0;
05-09-2024;23:35:30;26.7;92.0;263;265;0.0;0;0;2907;65;0;
05-09-2024;23:35:31;26.4;92.0;263;262;0.0;0;0;2907;65;0;
05-09-2024;23:35:32;26.4;92.0;264;264;0.0;0;0;2907;65;0;
05-09-2024;23:35:34;26.0;92.0;264;263;0.0;0;0;2907;65;0;
05-09-2024;23:35:35;25.7;92.0;262;263;0.0;0;0;2907;65;0;
05-09-2024;23:35:36;25.4;92.0;264;265;0.0;0;0;2907;65;0;
05-09-2024;23:35:37;25.1;92.0;264;262;0.0;0;0;2907;65;0;
05-09-2024;23:35:38;25.1;92.0;263;263;0.0;0;0;2907;65;0;
05-09-2024;23:35:39;25.1;92.0;263;264;0.0;0;0;2907;65;0;
05-09-2024;23:35:41;25.2;92.0;262;261;0.0;0;0;2907;65;0;
05-09-2024;23:35:42;24.6;92.0;264;265;0.0;0;0;2907;65;0;
05-09-2024;23:35:43;24.9;92.0;265;263;0.0;0;0;2907;65;0;
05-09-2024;23:35:44;25.2;92.0;263;263;0.0;0;0;2907;65;0;
05-09-2024;23:35:45;25.1;92.0;264;265;0.0;0;0;2907;65;0;
05-09-2024;23:35:46;24.7;92.0;264;262;0.0;0;0;2907;65;0;
05-09-2024;23:35:47;24.5;92.0;264;264;0.0;0;0;2907;65;0;
05-09-2024;23:35:49;24.8;92.0;263;264;0.0;0;0;2907;65;0;
05-09-2024;23:35:50;24.9;92.0;263;261;0.0;0;0;2907;65;0;
05-09-2024;23:35:51;24.9;92.0;264;265;0.0;0;0;2907;65;0;
05-09-2024;23:35:52;25.3;92.0;263;262;0.0;0;0;2907;65;0;
05-09-2024;23:35:53;25.7;92.0;263;263;0.0;0;0;2907;65;0;
05-09-2024;23:35:54;25.8;92.0;265;264;0.0;0;0;2907;65;0;
05-09-2024;23:35:55;26.3;92.0;263;261;0.0;0;0;2907;65;0;
05-09-2024;23:35:57;26.2;92.0;263;265;0.0;0;0;2907;65;0;
05-09-2024;23:35:58;26.8;92.0;263;262;0.0;0;0;2907;65;0;
05-09-2024;23:35:59;26.5;92.0;264;264;0.0;0;0;2907;65;0;
05-09-2024;23:36:00;26.3;92.0;264;264;0.0;0;0;2907;65;0;
05-09-2024;23:36:01;26.1;92.0;261;262;0.0;0;0;2907;65;0;
05-09-2024;23:36:02;25.8;92.0;263;264;0.0;0;0;2907;65;0;
05-09-2024;23:36:04;25.4;92.0;263;262;0.0;0;0;2907;65;0;
05-09-2024;23:36:05;25.1;92.0;264;264;0.0;0;0;2907;65;0;
05-09-2024;23:36:06;24.9;92.0;264;263;0.0;0;0;2907;65;0;
05-09-2024;23:36:07;24.6;92.0;263;263;0.0;0;0;2907;65;0;
05-09-2024;23:36:08;24.8;92.0;264;265;0.0;0;0;2907;65;0;
05-09-2024;23:36:09;25.0;92.0;264;262;0.0;0;0;2907;65;0;
05-09-2024;23:36:10;24.8;92.0;264;264;0.0;0;0;2907;65;0;
05-09-2024;23:36:12;25.2;92.0;264;262;0.0;0;0;2907;65;0;
05-09-2024;23:36:13;25.7;92.0;263;264;0.0;0;0;2907;65;0;
05-09-2024;23:36:14;26.2;92.0;262;264;0.0;0;0;2907;65;0;
05-09-2024;23:36:15;26.4;92.0;264;262;0.0;0;0;2907;65;0;
05-09-2024;23:36:17;24.6;92.0;263;261;0.0;0;0;2907;65;0;
05-09-2024;23:36:18;24.9;92.0;263;265;0.0;0;0;2907;65;0;
05-09-2024;23:36:20;24.9;92.0;263;262;0.0;0;0;2907;65;0;
05-09-2024;23:36:21;24.7;92.0;263;263;0.0;0;0;2907;65;0;
05-09-2024;23:36:22;24.8;92.0;262;264;0.0;0;0;2907;65;0;
05-09-2024;23:36:23;24.8;92.0;262;262;0.0;0;0;2907;65;0;
05-09-2024;23:36:24;25.0;92.0;262;264;0.0;0;0;2907;65;0;
05-09-2024;23:36:25;25.0;92.0;263;263;0.0;0;0;2907;65;0;
05-09-2024;23:36:27;25.2;92.0;263;262;0.0;0;0;2907;65;0;
05-09-2024;23:36:28;25.3;92.0;263;265;0.0;0;0;2907;65;0;
05-09-2024;23:36:29;24.9;92.0;262;262;0.0;0;0;2907;65;0;
05-09-2024;23:36:30;25.0;92.0;264;263;0.0;0;0;2907;65;0;
05-09-2024;23:36:31;24.9;92.0;265;263;0.0;0;0;2907;65;0;
05-09-2024;23:36:32;25.1;92.0;264;262;0.0;0;0;2907;65;0;
05-09-2024;23:36:36;24.6;92.0;263;263;0.0;0;0;2907;65;0;
05-09-2024;23:36:37;24.8;92.0;264;262;0.0;0;0;2907;65;0;
05-09-2024;23:36:38;24.9;92.0;263;265;0.0;0;0;2907;65;0;
05-09-2024;23:36:39;25.1;92.0;263;262;0.0;0;0;2907;65;0;
05-09-2024;23:36:40;25.0;92.0;263;264;0.0;0;0;2907;65;0;
05-09-2024;23:36:41;24.9;92.0;263;263;0.0;0;0;2907;65;0;
05-09-2024;23:36:43;24.9;92.0;262;262;0.0;0;0;2907;65;0;
05-09-2024;23:36:44;25.0;92.0;264;265;0.0;0;0;2907;65;0;
05-09-2024;23:36:45;25.0;92.0;264;262;0.0;0;0;2907;65;0;
05-09-2024;23:36:46;25.0;92.0;264;264;0.0;0;0;2907;65;0;
05-09-2024;23:36:47;25.0;92.0;264;263;0.0;0;0;2907;65;0;
